nsamples,nfeatures,nclasses,n_bin_attr,geom_mean_std_ratio,attr_mean_corr,attr_skewness,attr_kurtosis,class_entropy,attr_mean_entropy,mean_mutual_info,equiv_number_attr,noise_signal_ratio
-0.6213300084215408,-0.1564668389077873,-0.01065472604926683,-0.12173858299934223,-0.02423704745394584,0.520591320280511,-0.20510033182328943,-0.37733653578089565,1.1605304306921844,1.5771649522987503,1.9515444470468652,0.1355204198952509,-0.09356190789096433
param_C,param_gamma,param_kernel,mean_test_acc,std_test_acc,mean_test_f1,std_test_f1
3.0517578125e-05,3.0517578125e-05,rbf,0.2413793103448276,0.05053077511585748,0.0,0.0
3.0517578125e-05,6.103515625e-05,rbf,0.2413793103448276,0.05053077511585748,0.0,0.0
3.0517578125e-05,0.0001220703125,rbf,0.2413793103448276,0.05053077511585748,0.0,0.0
3.0517578125e-05,0.000244140625,rbf,0.2413793103448276,0.05053077511585748,0.0,0.0
3.0517578125e-05,0.00048828125,rbf,0.2413793103448276,0.05053077511585748,0.0,0.0
3.0517578125e-05,0.0009765625,rbf,0.2413793103448276,0.05053077511585748,0.0,0.0
3.0517578125e-05,0.001953125,rbf,0.2413793103448276,0.05053077511585748,0.0,0.0
3.0517578125e-05,0.00390625,rbf,0.2413793103448276,0.05053077511585748,0.0,0.0
3.0517578125e-05,0.0078125,rbf,0.2413793103448276,0.05053077511585748,0.0,0.0
3.0517578125e-05,0.015625,rbf,0.2413793103448276,0.05053077511585748,0.0,0.0
3.0517578125e-05,0.03125,rbf,0.2413793103448276,0.05053077511585748,0.0,0.0
3.0517578125e-05,0.0625,rbf,0.2413793103448276,0.05053077511585748,0.0,0.0
3.0517578125e-05,0.125,rbf,0.2413793103448276,0.05053077511585748,0.0,0.0
3.0517578125e-05,0.25,rbf,0.2413793103448276,0.05053077511585748,0.0,0.0
3.0517578125e-05,0.5,rbf,0.2413793103448276,0.05053077511585748,0.0,0.0
3.0517578125e-05,1.0,rbf,0.2413793103448276,0.05053077511585748,0.0,0.0
3.0517578125e-05,2.0,rbf,0.2413793103448276,0.05053077511585748,0.0,0.0
3.0517578125e-05,4.0,rbf,0.2413793103448276,0.05053077511585748,0.0,0.0
3.0517578125e-05,8.0,rbf,0.2413793103448276,0.05053077511585748,0.0,0.0
3.0517578125e-05,16.0,rbf,0.2413793103448276,0.05053077511585748,0.0,0.0
3.0517578125e-05,32.0,rbf,0.2413793103448276,0.05053077511585748,0.0,0.0
3.0517578125e-05,64.0,rbf,0.2413793103448276,0.05053077511585748,0.0,0.0
3.0517578125e-05,128.0,rbf,0.2413793103448276,0.05053077511585748,0.0,0.0
3.0517578125e-05,256.0,rbf,0.2413793103448276,0.05053077511585748,0.0,0.0
3.0517578125e-05,512.0,rbf,0.2413793103448276,0.05053077511585748,0.0,0.0
3.0517578125e-05,1024.0,rbf,0.2413793103448276,0.05053077511585748,0.0,0.0
3.0517578125e-05,2048.0,rbf,0.2413793103448276,0.05053077511585748,0.0,0.0
3.0517578125e-05,4096.0,rbf,0.2413793103448276,0.05053077511585748,0.0,0.0
3.0517578125e-05,8192.0,rbf,0.2413793103448276,0.05053077511585748,0.0,0.0
3.0517578125e-05,16384.0,rbf,0.2413793103448276,0.05053077511585748,0.0,0.0
3.0517578125e-05,32768.0,rbf,0.2413793103448276,0.05053077511585748,0.0,0.0
6.103515625e-05,3.0517578125e-05,rbf,0.2413793103448276,0.05053077511585748,0.0,0.0
6.103515625e-05,6.103515625e-05,rbf,0.2413793103448276,0.05053077511585748,0.0,0.0
6.103515625e-05,0.0001220703125,rbf,0.2413793103448276,0.05053077511585748,0.0,0.0
6.103515625e-05,0.000244140625,rbf,0.2413793103448276,0.05053077511585748,0.0,0.0
6.103515625e-05,0.00048828125,rbf,0.2413793103448276,0.05053077511585748,0.0,0.0
6.103515625e-05,0.0009765625,rbf,0.2413793103448276,0.05053077511585748,0.0,0.0
6.103515625e-05,0.001953125,rbf,0.2413793103448276,0.05053077511585748,0.0,0.0
6.103515625e-05,0.00390625,rbf,0.2413793103448276,0.05053077511585748,0.0,0.0
6.103515625e-05,0.0078125,rbf,0.2413793103448276,0.05053077511585748,0.0,0.0
6.103515625e-05,0.015625,rbf,0.2413793103448276,0.05053077511585748,0.0,0.0
6.103515625e-05,0.03125,rbf,0.2413793103448276,0.05053077511585748,0.0,0.0
6.103515625e-05,0.0625,rbf,0.2413793103448276,0.05053077511585748,0.0,0.0
6.103515625e-05,0.125,rbf,0.2413793103448276,0.05053077511585748,0.0,0.0
6.103515625e-05,0.25,rbf,0.2413793103448276,0.05053077511585748,0.0,0.0
6.103515625e-05,0.5,rbf,0.2413793103448276,0.05053077511585748,0.0,0.0
6.103515625e-05,1.0,rbf,0.2413793103448276,0.05053077511585748,0.0,0.0
6.103515625e-05,2.0,rbf,0.2413793103448276,0.05053077511585748,0.0,0.0
6.103515625e-05,4.0,rbf,0.2413793103448276,0.05053077511585748,0.0,0.0
6.103515625e-05,8.0,rbf,0.2413793103448276,0.05053077511585748,0.0,0.0
6.103515625e-05,16.0,rbf,0.2413793103448276,0.05053077511585748,0.0,0.0
6.103515625e-05,32.0,rbf,0.2413793103448276,0.05053077511585748,0.0,0.0
6.103515625e-05,64.0,rbf,0.2413793103448276,0.05053077511585748,0.0,0.0
6.103515625e-05,128.0,rbf,0.2413793103448276,0.05053077511585748,0.0,0.0
6.103515625e-05,256.0,rbf,0.2413793103448276,0.05053077511585748,0.0,0.0
6.103515625e-05,512.0,rbf,0.2413793103448276,0.05053077511585748,0.0,0.0
6.103515625e-05,1024.0,rbf,0.2413793103448276,0.05053077511585748,0.0,0.0
6.103515625e-05,2048.0,rbf,0.2413793103448276,0.05053077511585748,0.0,0.0
6.103515625e-05,4096.0,rbf,0.2413793103448276,0.05053077511585748,0.0,0.0
6.103515625e-05,8192.0,rbf,0.2413793103448276,0.05053077511585748,0.0,0.0
6.103515625e-05,16384.0,rbf,0.2413793103448276,0.05053077511585748,0.0,0.0
6.103515625e-05,32768.0,rbf,0.2413793103448276,0.05053077511585748,0.0,0.0
0.0001220703125,3.0517578125e-05,rbf,0.2413793103448276,0.05053077511585748,0.0,0.0
0.0001220703125,6.103515625e-05,rbf,0.2413793103448276,0.05053077511585748,0.0,0.0
0.0001220703125,0.0001220703125,rbf,0.2413793103448276,0.05053077511585748,0.0,0.0
0.0001220703125,0.000244140625,rbf,0.2413793103448276,0.05053077511585748,0.0,0.0
0.0001220703125,0.00048828125,rbf,0.2413793103448276,0.05053077511585748,0.0,0.0
0.0001220703125,0.0009765625,rbf,0.2413793103448276,0.05053077511585748,0.0,0.0
0.0001220703125,0.001953125,rbf,0.2413793103448276,0.05053077511585748,0.0,0.0
0.0001220703125,0.00390625,rbf,0.2413793103448276,0.05053077511585748,0.0,0.0
0.0001220703125,0.0078125,rbf,0.2413793103448276,0.05053077511585748,0.0,0.0
0.0001220703125,0.015625,rbf,0.2413793103448276,0.05053077511585748,0.0,0.0
0.0001220703125,0.03125,rbf,0.2413793103448276,0.05053077511585748,0.0,0.0
0.0001220703125,0.0625,rbf,0.2413793103448276,0.05053077511585748,0.0,0.0
0.0001220703125,0.125,rbf,0.2413793103448276,0.05053077511585748,0.0,0.0
0.0001220703125,0.25,rbf,0.2413793103448276,0.05053077511585748,0.0,0.0
0.0001220703125,0.5,rbf,0.2413793103448276,0.05053077511585748,0.0,0.0
0.0001220703125,1.0,rbf,0.2413793103448276,0.05053077511585748,0.0,0.0
0.0001220703125,2.0,rbf,0.2413793103448276,0.05053077511585748,0.0,0.0
0.0001220703125,4.0,rbf,0.2413793103448276,0.05053077511585748,0.0,0.0
0.0001220703125,8.0,rbf,0.2413793103448276,0.05053077511585748,0.0,0.0
0.0001220703125,16.0,rbf,0.2413793103448276,0.05053077511585748,0.0,0.0
0.0001220703125,32.0,rbf,0.2413793103448276,0.05053077511585748,0.0,0.0
0.0001220703125,64.0,rbf,0.2413793103448276,0.05053077511585748,0.0,0.0
0.0001220703125,128.0,rbf,0.2413793103448276,0.05053077511585748,0.0,0.0
0.0001220703125,256.0,rbf,0.2413793103448276,0.05053077511585748,0.0,0.0
0.0001220703125,512.0,rbf,0.2413793103448276,0.05053077511585748,0.0,0.0
0.0001220703125,1024.0,rbf,0.2413793103448276,0.05053077511585748,0.0,0.0
0.0001220703125,2048.0,rbf,0.2413793103448276,0.05053077511585748,0.0,0.0
0.0001220703125,4096.0,rbf,0.2413793103448276,0.05053077511585748,0.0,0.0
0.0001220703125,8192.0,rbf,0.2413793103448276,0.05053077511585748,0.0,0.0
0.0001220703125,16384.0,rbf,0.2413793103448276,0.05053077511585748,0.0,0.0
0.0001220703125,32768.0,rbf,0.2413793103448276,0.05053077511585748,0.0,0.0
0.000244140625,3.0517578125e-05,rbf,0.2413793103448276,0.05053077511585748,0.0,0.0
0.000244140625,6.103515625e-05,rbf,0.2413793103448276,0.05053077511585748,0.0,0.0
0.000244140625,0.0001220703125,rbf,0.2413793103448276,0.05053077511585748,0.0,0.0
0.000244140625,0.000244140625,rbf,0.2413793103448276,0.05053077511585748,0.0,0.0
0.000244140625,0.00048828125,rbf,0.2413793103448276,0.05053077511585748,0.0,0.0
0.000244140625,0.0009765625,rbf,0.2413793103448276,0.05053077511585748,0.0,0.0
0.000244140625,0.001953125,rbf,0.2413793103448276,0.05053077511585748,0.0,0.0
0.000244140625,0.00390625,rbf,0.2413793103448276,0.05053077511585748,0.0,0.0
0.000244140625,0.0078125,rbf,0.2413793103448276,0.05053077511585748,0.0,0.0
0.000244140625,0.015625,rbf,0.2413793103448276,0.05053077511585748,0.0,0.0
0.000244140625,0.03125,rbf,0.2413793103448276,0.05053077511585748,0.0,0.0
0.000244140625,0.0625,rbf,0.2413793103448276,0.05053077511585748,0.0,0.0
0.000244140625,0.125,rbf,0.2413793103448276,0.05053077511585748,0.0,0.0
0.000244140625,0.25,rbf,0.2413793103448276,0.05053077511585748,0.0,0.0
0.000244140625,0.5,rbf,0.2413793103448276,0.05053077511585748,0.0,0.0
0.000244140625,1.0,rbf,0.2413793103448276,0.05053077511585748,0.0,0.0
0.000244140625,2.0,rbf,0.2413793103448276,0.05053077511585748,0.0,0.0
0.000244140625,4.0,rbf,0.2413793103448276,0.05053077511585748,0.0,0.0
0.000244140625,8.0,rbf,0.2413793103448276,0.05053077511585748,0.0,0.0
0.000244140625,16.0,rbf,0.2413793103448276,0.05053077511585748,0.0,0.0
0.000244140625,32.0,rbf,0.2413793103448276,0.05053077511585748,0.0,0.0
0.000244140625,64.0,rbf,0.2413793103448276,0.05053077511585748,0.0,0.0
0.000244140625,128.0,rbf,0.2413793103448276,0.05053077511585748,0.0,0.0
0.000244140625,256.0,rbf,0.2413793103448276,0.05053077511585748,0.0,0.0
0.000244140625,512.0,rbf,0.2413793103448276,0.05053077511585748,0.0,0.0
0.000244140625,1024.0,rbf,0.2413793103448276,0.05053077511585748,0.0,0.0
0.000244140625,2048.0,rbf,0.2413793103448276,0.05053077511585748,0.0,0.0
0.000244140625,4096.0,rbf,0.2413793103448276,0.05053077511585748,0.0,0.0
0.000244140625,8192.0,rbf,0.2413793103448276,0.05053077511585748,0.0,0.0
0.000244140625,16384.0,rbf,0.2413793103448276,0.05053077511585748,0.0,0.0
0.000244140625,32768.0,rbf,0.2413793103448276,0.05053077511585748,0.0,0.0
0.00048828125,3.0517578125e-05,rbf,0.2413793103448276,0.05053077511585748,0.0,0.0
0.00048828125,6.103515625e-05,rbf,0.2413793103448276,0.05053077511585748,0.0,0.0
0.00048828125,0.0001220703125,rbf,0.2413793103448276,0.05053077511585748,0.0,0.0
0.00048828125,0.000244140625,rbf,0.2413793103448276,0.05053077511585748,0.0,0.0
0.00048828125,0.00048828125,rbf,0.2413793103448276,0.05053077511585748,0.0,0.0
0.00048828125,0.0009765625,rbf,0.2413793103448276,0.05053077511585748,0.0,0.0
0.00048828125,0.001953125,rbf,0.2413793103448276,0.05053077511585748,0.0,0.0
0.00048828125,0.00390625,rbf,0.2413793103448276,0.05053077511585748,0.0,0.0
0.00048828125,0.0078125,rbf,0.2413793103448276,0.05053077511585748,0.0,0.0
0.00048828125,0.015625,rbf,0.2413793103448276,0.05053077511585748,0.0,0.0
0.00048828125,0.03125,rbf,0.2413793103448276,0.05053077511585748,0.0,0.0
0.00048828125,0.0625,rbf,0.2413793103448276,0.05053077511585748,0.0,0.0
0.00048828125,0.125,rbf,0.2413793103448276,0.05053077511585748,0.0,0.0
0.00048828125,0.25,rbf,0.2413793103448276,0.05053077511585748,0.0,0.0
0.00048828125,0.5,rbf,0.2413793103448276,0.05053077511585748,0.0,0.0
0.00048828125,1.0,rbf,0.2413793103448276,0.05053077511585748,0.0,0.0
0.00048828125,2.0,rbf,0.2413793103448276,0.05053077511585748,0.0,0.0
0.00048828125,4.0,rbf,0.2413793103448276,0.05053077511585748,0.0,0.0
0.00048828125,8.0,rbf,0.2413793103448276,0.05053077511585748,0.0,0.0
0.00048828125,16.0,rbf,0.2413793103448276,0.05053077511585748,0.0,0.0
0.00048828125,32.0,rbf,0.2413793103448276,0.05053077511585748,0.0,0.0
0.00048828125,64.0,rbf,0.2413793103448276,0.05053077511585748,0.0,0.0
0.00048828125,128.0,rbf,0.2413793103448276,0.05053077511585748,0.0,0.0
0.00048828125,256.0,rbf,0.2413793103448276,0.05053077511585748,0.0,0.0
0.00048828125,512.0,rbf,0.2413793103448276,0.05053077511585748,0.0,0.0
0.00048828125,1024.0,rbf,0.2413793103448276,0.05053077511585748,0.0,0.0
0.00048828125,2048.0,rbf,0.2413793103448276,0.05053077511585748,0.0,0.0
0.00048828125,4096.0,rbf,0.2413793103448276,0.05053077511585748,0.0,0.0
0.00048828125,8192.0,rbf,0.2413793103448276,0.05053077511585748,0.0,0.0
0.00048828125,16384.0,rbf,0.2413793103448276,0.05053077511585748,0.0,0.0
0.00048828125,32768.0,rbf,0.2413793103448276,0.05053077511585748,0.0,0.0
0.0009765625,3.0517578125e-05,rbf,0.2413793103448276,0.05053077511585748,0.0,0.0
0.0009765625,6.103515625e-05,rbf,0.2413793103448276,0.05053077511585748,0.0,0.0
0.0009765625,0.0001220703125,rbf,0.2413793103448276,0.05053077511585748,0.0,0.0
0.0009765625,0.000244140625,rbf,0.2413793103448276,0.05053077511585748,0.0,0.0
0.0009765625,0.00048828125,rbf,0.2413793103448276,0.05053077511585748,0.0,0.0
0.0009765625,0.0009765625,rbf,0.2413793103448276,0.05053077511585748,0.0,0.0
0.0009765625,0.001953125,rbf,0.2413793103448276,0.05053077511585748,0.0,0.0
0.0009765625,0.00390625,rbf,0.2413793103448276,0.05053077511585748,0.0,0.0
0.0009765625,0.0078125,rbf,0.2413793103448276,0.05053077511585748,0.0,0.0
0.0009765625,0.015625,rbf,0.2413793103448276,0.05053077511585748,0.0,0.0
0.0009765625,0.03125,rbf,0.2413793103448276,0.05053077511585748,0.0,0.0
0.0009765625,0.0625,rbf,0.2413793103448276,0.05053077511585748,0.0,0.0
0.0009765625,0.125,rbf,0.2413793103448276,0.05053077511585748,0.0,0.0
0.0009765625,0.25,rbf,0.2413793103448276,0.05053077511585748,0.0,0.0
0.0009765625,0.5,rbf,0.2413793103448276,0.05053077511585748,0.0,0.0
0.0009765625,1.0,rbf,0.2413793103448276,0.05053077511585748,0.0,0.0
0.0009765625,2.0,rbf,0.2413793103448276,0.05053077511585748,0.0,0.0
0.0009765625,4.0,rbf,0.2413793103448276,0.05053077511585748,0.0,0.0
0.0009765625,8.0,rbf,0.2413793103448276,0.05053077511585748,0.0,0.0
0.0009765625,16.0,rbf,0.2413793103448276,0.05053077511585748,0.0,0.0
0.0009765625,32.0,rbf,0.2413793103448276,0.05053077511585748,0.0,0.0
0.0009765625,64.0,rbf,0.2413793103448276,0.05053077511585748,0.0,0.0
0.0009765625,128.0,rbf,0.2413793103448276,0.05053077511585748,0.0,0.0
0.0009765625,256.0,rbf,0.2413793103448276,0.05053077511585748,0.0,0.0
0.0009765625,512.0,rbf,0.2413793103448276,0.05053077511585748,0.0,0.0
0.0009765625,1024.0,rbf,0.2413793103448276,0.05053077511585748,0.0,0.0
0.0009765625,2048.0,rbf,0.2413793103448276,0.05053077511585748,0.0,0.0
0.0009765625,4096.0,rbf,0.2413793103448276,0.05053077511585748,0.0,0.0
0.0009765625,8192.0,rbf,0.2413793103448276,0.05053077511585748,0.0,0.0
0.0009765625,16384.0,rbf,0.2413793103448276,0.05053077511585748,0.0,0.0
0.0009765625,32768.0,rbf,0.2413793103448276,0.05053077511585748,0.0,0.0
0.001953125,3.0517578125e-05,rbf,0.2413793103448276,0.05053077511585748,0.0,0.0
0.001953125,6.103515625e-05,rbf,0.2413793103448276,0.05053077511585748,0.0,0.0
0.001953125,0.0001220703125,rbf,0.2413793103448276,0.05053077511585748,0.0,0.0
0.001953125,0.000244140625,rbf,0.2413793103448276,0.05053077511585748,0.0,0.0
0.001953125,0.00048828125,rbf,0.2413793103448276,0.05053077511585748,0.0,0.0
0.001953125,0.0009765625,rbf,0.2413793103448276,0.05053077511585748,0.0,0.0
0.001953125,0.001953125,rbf,0.2413793103448276,0.05053077511585748,0.0,0.0
0.001953125,0.00390625,rbf,0.2413793103448276,0.05053077511585748,0.0,0.0
0.001953125,0.0078125,rbf,0.2413793103448276,0.05053077511585748,0.0,0.0
0.001953125,0.015625,rbf,0.2413793103448276,0.05053077511585748,0.0,0.0
0.001953125,0.03125,rbf,0.2413793103448276,0.05053077511585748,0.0,0.0
0.001953125,0.0625,rbf,0.2413793103448276,0.05053077511585748,0.0,0.0
0.001953125,0.125,rbf,0.2413793103448276,0.05053077511585748,0.0,0.0
0.001953125,0.25,rbf,0.2413793103448276,0.05053077511585748,0.0,0.0
0.001953125,0.5,rbf,0.2413793103448276,0.05053077511585748,0.0,0.0
0.001953125,1.0,rbf,0.2413793103448276,0.05053077511585748,0.0,0.0
0.001953125,2.0,rbf,0.2413793103448276,0.05053077511585748,0.0,0.0
0.001953125,4.0,rbf,0.2413793103448276,0.05053077511585748,0.0,0.0
0.001953125,8.0,rbf,0.2413793103448276,0.05053077511585748,0.0,0.0
0.001953125,16.0,rbf,0.2413793103448276,0.05053077511585748,0.0,0.0
0.001953125,32.0,rbf,0.2413793103448276,0.05053077511585748,0.0,0.0
0.001953125,64.0,rbf,0.2413793103448276,0.05053077511585748,0.0,0.0
0.001953125,128.0,rbf,0.2413793103448276,0.05053077511585748,0.0,0.0
0.001953125,256.0,rbf,0.2413793103448276,0.05053077511585748,0.0,0.0
0.001953125,512.0,rbf,0.2413793103448276,0.05053077511585748,0.0,0.0
0.001953125,1024.0,rbf,0.2413793103448276,0.05053077511585748,0.0,0.0
0.001953125,2048.0,rbf,0.2413793103448276,0.05053077511585748,0.0,0.0
0.001953125,4096.0,rbf,0.2413793103448276,0.05053077511585748,0.0,0.0
0.001953125,8192.0,rbf,0.2413793103448276,0.05053077511585748,0.0,0.0
0.001953125,16384.0,rbf,0.2413793103448276,0.05053077511585748,0.0,0.0
0.001953125,32768.0,rbf,0.2413793103448276,0.05053077511585748,0.0,0.0
0.00390625,3.0517578125e-05,rbf,0.2413793103448276,0.05053077511585748,0.0,0.0
0.00390625,6.103515625e-05,rbf,0.2413793103448276,0.05053077511585748,0.0,0.0
0.00390625,0.0001220703125,rbf,0.2413793103448276,0.05053077511585748,0.0,0.0
0.00390625,0.000244140625,rbf,0.2413793103448276,0.05053077511585748,0.0,0.0
0.00390625,0.00048828125,rbf,0.2413793103448276,0.05053077511585748,0.0,0.0
0.00390625,0.0009765625,rbf,0.2413793103448276,0.05053077511585748,0.0,0.0
0.00390625,0.001953125,rbf,0.2413793103448276,0.05053077511585748,0.0,0.0
0.00390625,0.00390625,rbf,0.2413793103448276,0.05053077511585748,0.0,0.0
0.00390625,0.0078125,rbf,0.2413793103448276,0.05053077511585748,0.0,0.0
0.00390625,0.015625,rbf,0.2413793103448276,0.05053077511585748,0.0,0.0
0.00390625,0.03125,rbf,0.2413793103448276,0.05053077511585748,0.0,0.0
0.00390625,0.0625,rbf,0.2413793103448276,0.05053077511585748,0.0,0.0
0.00390625,0.125,rbf,0.2413793103448276,0.05053077511585748,0.0,0.0
0.00390625,0.25,rbf,0.2413793103448276,0.05053077511585748,0.0,0.0
0.00390625,0.5,rbf,0.2413793103448276,0.05053077511585748,0.0,0.0
0.00390625,1.0,rbf,0.2413793103448276,0.05053077511585748,0.0,0.0
0.00390625,2.0,rbf,0.2413793103448276,0.05053077511585748,0.0,0.0
0.00390625,4.0,rbf,0.2413793103448276,0.05053077511585748,0.0,0.0
0.00390625,8.0,rbf,0.2413793103448276,0.05053077511585748,0.0,0.0
0.00390625,16.0,rbf,0.2413793103448276,0.05053077511585748,0.0,0.0
0.00390625,32.0,rbf,0.2413793103448276,0.05053077511585748,0.0,0.0
0.00390625,64.0,rbf,0.2413793103448276,0.05053077511585748,0.0,0.0
0.00390625,128.0,rbf,0.2413793103448276,0.05053077511585748,0.0,0.0
0.00390625,256.0,rbf,0.2413793103448276,0.05053077511585748,0.0,0.0
0.00390625,512.0,rbf,0.2413793103448276,0.05053077511585748,0.0,0.0
0.00390625,1024.0,rbf,0.2413793103448276,0.05053077511585748,0.0,0.0
0.00390625,2048.0,rbf,0.2413793103448276,0.05053077511585748,0.0,0.0
0.00390625,4096.0,rbf,0.2413793103448276,0.05053077511585748,0.0,0.0
0.00390625,8192.0,rbf,0.2413793103448276,0.05053077511585748,0.0,0.0
0.00390625,16384.0,rbf,0.2413793103448276,0.05053077511585748,0.0,0.0
0.00390625,32768.0,rbf,0.2413793103448276,0.05053077511585748,0.0,0.0
0.0078125,3.0517578125e-05,rbf,0.2413793103448276,0.05053077511585748,0.0,0.0
0.0078125,6.103515625e-05,rbf,0.2413793103448276,0.05053077511585748,0.0,0.0
0.0078125,0.0001220703125,rbf,0.2413793103448276,0.05053077511585748,0.0,0.0
0.0078125,0.000244140625,rbf,0.2413793103448276,0.05053077511585748,0.0,0.0
0.0078125,0.00048828125,rbf,0.2413793103448276,0.05053077511585748,0.0,0.0
0.0078125,0.0009765625,rbf,0.2413793103448276,0.05053077511585748,0.0,0.0
0.0078125,0.001953125,rbf,0.2413793103448276,0.05053077511585748,0.0,0.0
0.0078125,0.00390625,rbf,0.2413793103448276,0.05053077511585748,0.0,0.0
0.0078125,0.0078125,rbf,0.2413793103448276,0.05053077511585748,0.0,0.0
0.0078125,0.015625,rbf,0.2413793103448276,0.05053077511585748,0.0,0.0
0.0078125,0.03125,rbf,0.2413793103448276,0.05053077511585748,0.0,0.0
0.0078125,0.0625,rbf,0.2413793103448276,0.05053077511585748,0.0,0.0
0.0078125,0.125,rbf,0.2413793103448276,0.05053077511585748,0.0,0.0
0.0078125,0.25,rbf,0.2413793103448276,0.05053077511585748,0.0,0.0
0.0078125,0.5,rbf,0.2413793103448276,0.05053077511585748,0.0,0.0
0.0078125,1.0,rbf,0.2413793103448276,0.05053077511585748,0.0,0.0
0.0078125,2.0,rbf,0.2413793103448276,0.05053077511585748,0.0,0.0
0.0078125,4.0,rbf,0.2413793103448276,0.05053077511585748,0.0,0.0
0.0078125,8.0,rbf,0.2413793103448276,0.05053077511585748,0.0,0.0
0.0078125,16.0,rbf,0.2413793103448276,0.05053077511585748,0.0,0.0
0.0078125,32.0,rbf,0.2413793103448276,0.05053077511585748,0.0,0.0
0.0078125,64.0,rbf,0.2413793103448276,0.05053077511585748,0.0,0.0
0.0078125,128.0,rbf,0.2413793103448276,0.05053077511585748,0.0,0.0
0.0078125,256.0,rbf,0.2413793103448276,0.05053077511585748,0.0,0.0
0.0078125,512.0,rbf,0.2413793103448276,0.05053077511585748,0.0,0.0
0.0078125,1024.0,rbf,0.2413793103448276,0.05053077511585748,0.0,0.0
0.0078125,2048.0,rbf,0.2413793103448276,0.05053077511585748,0.0,0.0
0.0078125,4096.0,rbf,0.2413793103448276,0.05053077511585748,0.0,0.0
0.0078125,8192.0,rbf,0.2413793103448276,0.05053077511585748,0.0,0.0
0.0078125,16384.0,rbf,0.2413793103448276,0.05053077511585748,0.0,0.0
0.0078125,32768.0,rbf,0.2413793103448276,0.05053077511585748,0.0,0.0
0.015625,3.0517578125e-05,rbf,0.2413793103448276,0.05053077511585748,0.0,0.0
0.015625,6.103515625e-05,rbf,0.2413793103448276,0.05053077511585748,0.0,0.0
0.015625,0.0001220703125,rbf,0.2413793103448276,0.05053077511585748,0.0,0.0
0.015625,0.000244140625,rbf,0.2413793103448276,0.05053077511585748,0.0,0.0
0.015625,0.00048828125,rbf,0.2413793103448276,0.05053077511585748,0.0,0.0
0.015625,0.0009765625,rbf,0.2413793103448276,0.05053077511585748,0.0,0.0
0.015625,0.001953125,rbf,0.2413793103448276,0.05053077511585748,0.0,0.0
0.015625,0.00390625,rbf,0.2413793103448276,0.05053077511585748,0.0,0.0
0.015625,0.0078125,rbf,0.2413793103448276,0.05053077511585748,0.0,0.0
0.015625,0.015625,rbf,0.2413793103448276,0.05053077511585748,0.0,0.0
0.015625,0.03125,rbf,0.2413793103448276,0.05053077511585748,0.0,0.0
0.015625,0.0625,rbf,0.2413793103448276,0.05053077511585748,0.0,0.0
0.015625,0.125,rbf,0.2413793103448276,0.05053077511585748,0.0,0.0
0.015625,0.25,rbf,0.2413793103448276,0.05053077511585748,0.0,0.0
0.015625,0.5,rbf,0.2413793103448276,0.05053077511585748,0.0,0.0
0.015625,1.0,rbf,0.2413793103448276,0.05053077511585748,0.0,0.0
0.015625,2.0,rbf,0.2413793103448276,0.05053077511585748,0.0,0.0
0.015625,4.0,rbf,0.2413793103448276,0.05053077511585748,0.0,0.0
0.015625,8.0,rbf,0.2413793103448276,0.05053077511585748,0.0,0.0
0.015625,16.0,rbf,0.2413793103448276,0.05053077511585748,0.0,0.0
0.015625,32.0,rbf,0.2413793103448276,0.05053077511585748,0.0,0.0
0.015625,64.0,rbf,0.2413793103448276,0.05053077511585748,0.0,0.0
0.015625,128.0,rbf,0.2413793103448276,0.05053077511585748,0.0,0.0
0.015625,256.0,rbf,0.2413793103448276,0.05053077511585748,0.0,0.0
0.015625,512.0,rbf,0.2413793103448276,0.05053077511585748,0.0,0.0
0.015625,1024.0,rbf,0.2413793103448276,0.05053077511585748,0.0,0.0
0.015625,2048.0,rbf,0.2413793103448276,0.05053077511585748,0.0,0.0
0.015625,4096.0,rbf,0.2413793103448276,0.05053077511585748,0.0,0.0
0.015625,8192.0,rbf,0.2413793103448276,0.05053077511585748,0.0,0.0
0.015625,16384.0,rbf,0.2413793103448276,0.05053077511585748,0.0,0.0
0.015625,32768.0,rbf,0.2413793103448276,0.05053077511585748,0.0,0.0
0.03125,3.0517578125e-05,rbf,0.2413793103448276,0.05053077511585748,0.0,0.0
0.03125,6.103515625e-05,rbf,0.2413793103448276,0.05053077511585748,0.0,0.0
0.03125,0.0001220703125,rbf,0.2413793103448276,0.05053077511585748,0.0,0.0
0.03125,0.000244140625,rbf,0.2413793103448276,0.05053077511585748,0.0,0.0
0.03125,0.00048828125,rbf,0.2413793103448276,0.05053077511585748,0.0,0.0
0.03125,0.0009765625,rbf,0.2413793103448276,0.05053077511585748,0.0,0.0
0.03125,0.001953125,rbf,0.2413793103448276,0.05053077511585748,0.0,0.0
0.03125,0.00390625,rbf,0.2413793103448276,0.05053077511585748,0.0,0.0
0.03125,0.0078125,rbf,0.2413793103448276,0.05053077511585748,0.0,0.0
0.03125,0.015625,rbf,0.2413793103448276,0.05053077511585748,0.0,0.0
0.03125,0.03125,rbf,0.2413793103448276,0.05053077511585748,0.0,0.0
0.03125,0.0625,rbf,0.2413793103448276,0.05053077511585748,0.0,0.0
0.03125,0.125,rbf,0.2413793103448276,0.05053077511585748,0.0,0.0
0.03125,0.25,rbf,0.2413793103448276,0.05053077511585748,0.0,0.0
0.03125,0.5,rbf,0.2413793103448276,0.05053077511585748,0.0,0.0
0.03125,1.0,rbf,0.2413793103448276,0.05053077511585748,0.0,0.0
0.03125,2.0,rbf,0.2413793103448276,0.05053077511585748,0.0,0.0
0.03125,4.0,rbf,0.2413793103448276,0.05053077511585748,0.0,0.0
0.03125,8.0,rbf,0.2413793103448276,0.05053077511585748,0.0,0.0
0.03125,16.0,rbf,0.2413793103448276,0.05053077511585748,0.0,0.0
0.03125,32.0,rbf,0.2413793103448276,0.05053077511585748,0.0,0.0
0.03125,64.0,rbf,0.2413793103448276,0.05053077511585748,0.0,0.0
0.03125,128.0,rbf,0.2413793103448276,0.05053077511585748,0.0,0.0
0.03125,256.0,rbf,0.2413793103448276,0.05053077511585748,0.0,0.0
0.03125,512.0,rbf,0.2413793103448276,0.05053077511585748,0.0,0.0
0.03125,1024.0,rbf,0.2413793103448276,0.05053077511585748,0.0,0.0
0.03125,2048.0,rbf,0.2413793103448276,0.05053077511585748,0.0,0.0
0.03125,4096.0,rbf,0.2413793103448276,0.05053077511585748,0.0,0.0
0.03125,8192.0,rbf,0.2413793103448276,0.05053077511585748,0.0,0.0
0.03125,16384.0,rbf,0.2413793103448276,0.05053077511585748,0.0,0.0
0.03125,32768.0,rbf,0.2413793103448276,0.05053077511585748,0.0,0.0
0.0625,3.0517578125e-05,rbf,0.2413793103448276,0.05053077511585748,0.0,0.0
0.0625,6.103515625e-05,rbf,0.2413793103448276,0.05053077511585748,0.0,0.0
0.0625,0.0001220703125,rbf,0.2413793103448276,0.05053077511585748,0.0,0.0
0.0625,0.000244140625,rbf,0.2413793103448276,0.05053077511585748,0.0,0.0
0.0625,0.00048828125,rbf,0.2413793103448276,0.05053077511585748,0.0,0.0
0.0625,0.0009765625,rbf,0.2413793103448276,0.05053077511585748,0.0,0.0
0.0625,0.001953125,rbf,0.2413793103448276,0.05053077511585748,0.0,0.0
0.0625,0.00390625,rbf,0.2413793103448276,0.05053077511585748,0.0,0.0
0.0625,0.0078125,rbf,0.2413793103448276,0.05053077511585748,0.0,0.0
0.0625,0.015625,rbf,0.2413793103448276,0.05053077511585748,0.0,0.0
0.0625,0.03125,rbf,0.2413793103448276,0.05053077511585748,0.0,0.0
0.0625,0.0625,rbf,0.2413793103448276,0.05053077511585748,0.0,0.0
0.0625,0.125,rbf,0.2413793103448276,0.05053077511585748,0.0,0.0
0.0625,0.25,rbf,0.24568965517241376,0.054130209466304535,0.1456023736853661,0.17804414346052727
0.0625,0.5,rbf,0.24568965517241376,0.054130209466304535,0.14442330921613586,0.17665109444267998
0.0625,1.0,rbf,0.2413793103448276,0.05053077511585748,0.0,0.0
0.0625,2.0,rbf,0.2413793103448276,0.05053077511585748,0.0,0.0
0.0625,4.0,rbf,0.2413793103448276,0.05053077511585748,0.0,0.0
0.0625,8.0,rbf,0.2413793103448276,0.05053077511585748,0.0,0.0
0.0625,16.0,rbf,0.2413793103448276,0.05053077511585748,0.0,0.0
0.0625,32.0,rbf,0.2413793103448276,0.05053077511585748,0.0,0.0
0.0625,64.0,rbf,0.2413793103448276,0.05053077511585748,0.0,0.0
0.0625,128.0,rbf,0.2413793103448276,0.05053077511585748,0.0,0.0
0.0625,256.0,rbf,0.2413793103448276,0.05053077511585748,0.0,0.0
0.0625,512.0,rbf,0.2413793103448276,0.05053077511585748,0.0,0.0
0.0625,1024.0,rbf,0.2413793103448276,0.05053077511585748,0.0,0.0
0.0625,2048.0,rbf,0.2413793103448276,0.05053077511585748,0.0,0.0
0.0625,4096.0,rbf,0.2413793103448276,0.05053077511585748,0.0,0.0
0.0625,8192.0,rbf,0.2413793103448276,0.05053077511585748,0.0,0.0
0.0625,16384.0,rbf,0.2413793103448276,0.05053077511585748,0.0,0.0
0.0625,32768.0,rbf,0.2413793103448276,0.05053077511585748,0.0,0.0
0.125,3.0517578125e-05,rbf,0.2413793103448276,0.05053077511585748,0.0,0.0
0.125,6.103515625e-05,rbf,0.2413793103448276,0.05053077511585748,0.0,0.0
0.125,0.0001220703125,rbf,0.2413793103448276,0.05053077511585748,0.0,0.0
0.125,0.000244140625,rbf,0.2413793103448276,0.05053077511585748,0.0,0.0
0.125,0.00048828125,rbf,0.2413793103448276,0.05053077511585748,0.0,0.0
0.125,0.0009765625,rbf,0.2413793103448276,0.05053077511585748,0.0,0.0
0.125,0.001953125,rbf,0.2413793103448276,0.05053077511585748,0.0,0.0
0.125,0.00390625,rbf,0.2413793103448276,0.05053077511585748,0.0,0.0
0.125,0.0078125,rbf,0.2413793103448276,0.05053077511585748,0.0,0.0
0.125,0.015625,rbf,0.2413793103448276,0.05053077511585748,0.0,0.0
0.125,0.03125,rbf,0.2413793103448276,0.05053077511585748,0.0,0.0
0.125,0.0625,rbf,0.2629310344827586,0.07223384840692676,0.20974007489153812,0.1731334894839216
0.125,0.125,rbf,0.30603448275862066,0.05486940777812152,0.3763514211539839,0.04861919207950919
0.125,0.25,rbf,0.3534482758620689,0.045123179797584616,0.4211559607728963,0.02911939119292565
0.125,0.5,rbf,0.3620689655172414,0.04962817723992279,0.4082258440152407,0.036822550304726184
0.125,1.0,rbf,0.3017241379310345,0.05982307491019116,0.35759205817474377,0.0878428901812974
0.125,2.0,rbf,0.2413793103448276,0.04999529743450637,0.13936689575065905,0.17041057157128064
0.125,4.0,rbf,0.2413793103448276,0.05053077511585748,0.0,0.0
0.125,8.0,rbf,0.2413793103448276,0.05053077511585748,0.0,0.0
0.125,16.0,rbf,0.2413793103448276,0.05053077511585748,0.0,0.0
0.125,32.0,rbf,0.2413793103448276,0.05053077511585748,0.0,0.0
0.125,64.0,rbf,0.2413793103448276,0.05053077511585748,0.0,0.0
0.125,128.0,rbf,0.2413793103448276,0.05053077511585748,0.0,0.0
0.125,256.0,rbf,0.2413793103448276,0.05053077511585748,0.0,0.0
0.125,512.0,rbf,0.2413793103448276,0.05053077511585748,0.0,0.0
0.125,1024.0,rbf,0.2413793103448276,0.05053077511585748,0.0,0.0
0.125,2048.0,rbf,0.2413793103448276,0.05053077511585748,0.0,0.0
0.125,4096.0,rbf,0.2413793103448276,0.05053077511585748,0.0,0.0
0.125,8192.0,rbf,0.2413793103448276,0.05053077511585748,0.0,0.0
0.125,16384.0,rbf,0.2413793103448276,0.05053077511585748,0.0,0.0
0.125,32768.0,rbf,0.2413793103448276,0.05053077511585748,0.0,0.0
0.25,3.0517578125e-05,rbf,0.2413793103448276,0.05053077511585748,0.0,0.0
0.25,6.103515625e-05,rbf,0.2413793103448276,0.05053077511585748,0.0,0.0
0.25,0.0001220703125,rbf,0.2413793103448276,0.05053077511585748,0.0,0.0
0.25,0.000244140625,rbf,0.2413793103448276,0.05053077511585748,0.0,0.0
0.25,0.00048828125,rbf,0.2413793103448276,0.05053077511585748,0.0,0.0
0.25,0.0009765625,rbf,0.2413793103448276,0.05053077511585748,0.0,0.0
0.25,0.001953125,rbf,0.2413793103448276,0.05053077511585748,0.0,0.0
0.25,0.00390625,rbf,0.2413793103448276,0.05053077511585748,0.0,0.0
0.25,0.0078125,rbf,0.2413793103448276,0.05053077511585748,0.0,0.0
0.25,0.015625,rbf,0.2413793103448276,0.05053077511585748,0.0,0.0
0.25,0.03125,rbf,0.2629310344827586,0.06249707815341336,0.23737393976515486,0.13451186871584775
0.25,0.0625,rbf,0.3534482758620689,0.04075891020797784,0.4239235856972218,0.02302291179076117
0.25,0.125,rbf,0.3836206896551724,0.04452715111273274,0.4148229023488408,0.04055198016428424
0.25,0.25,rbf,0.4310344827586207,0.04044141892507147,0.4206338665367898,0.033823115961845486
0.25,0.5,rbf,0.4267241379310345,0.048065776192072085,0.4191929578042123,0.06486976879322334
0.25,1.0,rbf,0.3879310344827586,0.050877874058650734,0.3839669930392024,0.06788312501787204
0.25,2.0,rbf,0.331896551724138,0.047628985129651566,0.3575816424035716,0.046186706164483636
0.25,4.0,rbf,0.24568965517241376,0.055314275168846426,0.15928250714329895,0.13699659980046855
0.25,8.0,rbf,0.2413793103448276,0.05053077511585748,0.0,0.0
0.25,16.0,rbf,0.2413793103448276,0.05053077511585748,0.0,0.0
0.25,32.0,rbf,0.2413793103448276,0.05053077511585748,0.0,0.0
0.25,64.0,rbf,0.2413793103448276,0.05053077511585748,0.0,0.0
0.25,128.0,rbf,0.2413793103448276,0.05053077511585748,0.0,0.0
0.25,256.0,rbf,0.2413793103448276,0.05053077511585748,0.0,0.0
0.25,512.0,rbf,0.2413793103448276,0.05053077511585748,0.0,0.0
0.25,1024.0,rbf,0.2413793103448276,0.05053077511585748,0.0,0.0
0.25,2048.0,rbf,0.2413793103448276,0.05053077511585748,0.0,0.0
0.25,4096.0,rbf,0.2413793103448276,0.05053077511585748,0.0,0.0
0.25,8192.0,rbf,0.2413793103448276,0.05053077511585748,0.0,0.0
0.25,16384.0,rbf,0.2413793103448276,0.05053077511585748,0.0,0.0
0.25,32768.0,rbf,0.2413793103448276,0.05053077511585748,0.0,0.0
0.5,3.0517578125e-05,rbf,0.2413793103448276,0.05053077511585748,0.0,0.0
0.5,6.103515625e-05,rbf,0.2413793103448276,0.05053077511585748,0.0,0.0
0.5,0.0001220703125,rbf,0.2413793103448276,0.05053077511585748,0.0,0.0
0.5,0.000244140625,rbf,0.2413793103448276,0.05053077511585748,0.0,0.0
0.5,0.00048828125,rbf,0.2413793103448276,0.05053077511585748,0.0,0.0
0.5,0.0009765625,rbf,0.2413793103448276,0.05053077511585748,0.0,0.0
0.5,0.001953125,rbf,0.2413793103448276,0.05053077511585748,0.0,0.0
0.5,0.00390625,rbf,0.2413793103448276,0.05053077511585748,0.0,0.0
0.5,0.0078125,rbf,0.2413793103448276,0.05053077511585748,0.0,0.0
0.5,0.015625,rbf,0.27155172413793105,0.059303542497678365,0.2880820059780697,0.10574712534643092
0.5,0.03125,rbf,0.3534482758620689,0.03928945666215685,0.41752883934770935,0.03744961496160882
0.5,0.0625,rbf,0.4051724137931034,0.029027092704284555,0.39446329994314,0.030850985089435817
0.5,0.125,rbf,0.4310344827586207,0.03941785534883522,0.4185268038039653,0.04354444494380616
0.5,0.25,rbf,0.4310344827586207,0.025546470366899887,0.41682785908674175,0.0360618734577902
0.5,0.5,rbf,0.4482758620689655,0.033889518802530334,0.4371355805519964,0.04083756118159297
0.5,1.0,rbf,0.4310344827586207,0.05068088871471061,0.4232397044281595,0.05843995754339675
0.5,2.0,rbf,0.4181034482758621,0.060515331502132765,0.4074305336172474,0.0652183589394227
0.5,4.0,rbf,0.3491379310344828,0.06916198907346252,0.3146051515195085,0.05454086974563814
0.5,8.0,rbf,0.22844827586206895,0.0568665721095225,0.1460944340309323,0.06083359349359144
0.5,16.0,rbf,0.2413793103448276,0.05053077511585748,0.09986458957171343,0.14336830385154944
0.5,32.0,rbf,0.2413793103448276,0.05053077511585748,0.0,0.0
0.5,64.0,rbf,0.2413793103448276,0.05053077511585748,0.0,0.0
0.5,128.0,rbf,0.2413793103448276,0.05053077511585748,0.0,0.0
0.5,256.0,rbf,0.2413793103448276,0.05053077511585748,0.0,0.0
0.5,512.0,rbf,0.2413793103448276,0.05053077511585748,0.0,0.0
0.5,1024.0,rbf,0.2413793103448276,0.05053077511585748,0.0,0.0
0.5,2048.0,rbf,0.2413793103448276,0.05053077511585748,0.0,0.0
0.5,4096.0,rbf,0.2413793103448276,0.05053077511585748,0.0,0.0
0.5,8192.0,rbf,0.2413793103448276,0.05053077511585748,0.0,0.0
0.5,16384.0,rbf,0.2413793103448276,0.05053077511585748,0.0,0.0
0.5,32768.0,rbf,0.2413793103448276,0.05053077511585748,0.0,0.0
1.0,3.0517578125e-05,rbf,0.2413793103448276,0.05053077511585748,0.0,0.0
1.0,6.103515625e-05,rbf,0.2413793103448276,0.05053077511585748,0.0,0.0
1.0,0.0001220703125,rbf,0.2413793103448276,0.05053077511585748,0.0,0.0
1.0,0.000244140625,rbf,0.2413793103448276,0.05053077511585748,0.0,0.0
1.0,0.00048828125,rbf,0.2413793103448276,0.05053077511585748,0.0,0.0
1.0,0.0009765625,rbf,0.2413793103448276,0.05053077511585748,0.0,0.0
1.0,0.001953125,rbf,0.2413793103448276,0.05053077511585748,0.0,0.0
1.0,0.00390625,rbf,0.2413793103448276,0.05053077511585748,0.0,0.0
1.0,0.0078125,rbf,0.27586206896551724,0.06072357819346124,0.2980408795878437,0.10087586653292116
1.0,0.015625,rbf,0.3620689655172414,0.04110239142242432,0.408871375373166,0.04849245121383825
1.0,0.03125,rbf,0.3922413793103448,0.05706991332240904,0.3828831502865157,0.0581694806859907
1.0,0.0625,rbf,0.4310344827586207,0.02898324421210413,0.4164618210247203,0.03149248683004202
1.0,0.125,rbf,0.4396551724137931,0.03587323032548858,0.4273866194966959,0.03868284099805137
1.0,0.25,rbf,0.4224137931034483,0.03224927247992504,0.40424924122073175,0.038743380555988714
1.0,0.5,rbf,0.44396551724137934,0.03908133834941765,0.4331448449092798,0.0467222217844989
1.0,1.0,rbf,0.44396551724137934,0.04252599737171397,0.43766364383175815,0.05592148096423672
1.0,2.0,rbf,0.4051724137931034,0.03737400520925762,0.3958278569045801,0.044354506755481235
1.0,4.0,rbf,0.3706896551724138,0.024977702043756163,0.3577101358656692,0.034868320938400865
1.0,8.0,rbf,0.3103448275862069,0.03658858344102837,0.2926593919773602,0.03825006402930914
1.0,16.0,rbf,0.2543103448275862,0.0593313580119953,0.21218478274065716,0.0385289614831475
1.0,32.0,rbf,0.21551724137931036,0.03792907699704029,0.12832894723422392,0.02865730447156905
1.0,64.0,rbf,0.2413793103448276,0.042470390231349,0.17116714349683687,0.06609520069906018
1.0,128.0,rbf,0.2413793103448276,0.05053077511585748,0.1610886361557347,0.10767142245368548
1.0,256.0,rbf,0.2413793103448276,0.05053077511585748,0.0585437825619818,0.07215998695905489
1.0,512.0,rbf,0.2413793103448276,0.05053077511585748,0.07221505910757776,0.09357567839213857
1.0,1024.0,rbf,0.2413793103448276,0.05053077511585748,0.0,0.0
1.0,2048.0,rbf,0.2413793103448276,0.05053077511585748,0.0,0.0
1.0,4096.0,rbf,0.2413793103448276,0.05053077511585748,0.0,0.0
1.0,8192.0,rbf,0.2413793103448276,0.05053077511585748,0.0,0.0
1.0,16384.0,rbf,0.2413793103448276,0.05053077511585748,0.0,0.0
1.0,32768.0,rbf,0.2413793103448276,0.05053077511585748,0.0,0.0
2.0,3.0517578125e-05,rbf,0.2413793103448276,0.05053077511585748,0.0,0.0
2.0,6.103515625e-05,rbf,0.2413793103448276,0.05053077511585748,0.0,0.0
2.0,0.0001220703125,rbf,0.2413793103448276,0.05053077511585748,0.0,0.0
2.0,0.000244140625,rbf,0.2413793103448276,0.05053077511585748,0.0,0.0
2.0,0.00048828125,rbf,0.2413793103448276,0.05053077511585748,0.0,0.0
2.0,0.0009765625,rbf,0.2413793103448276,0.05053077511585748,0.0,0.0
2.0,0.001953125,rbf,0.2413793103448276,0.05053077511585748,0.0,0.0
2.0,0.00390625,rbf,0.2844827586206897,0.06692520448726955,0.31692584054824235,0.10207422073047713
2.0,0.0078125,rbf,0.3620689655172414,0.04110239142242432,0.4087045082709006,0.049934844481500935
2.0,0.015625,rbf,0.3836206896551724,0.06671467596737281,0.3735117137963864,0.06731431476741595
2.0,0.03125,rbf,0.4310344827586207,0.035841595654751354,0.4183896368421484,0.036904727946098725
2.0,0.0625,rbf,0.4353448275862069,0.02756914316027309,0.4220174873276439,0.026960026974485032
2.0,0.125,rbf,0.4181034482758621,0.03175707686099417,0.3950379704611016,0.03729749104433501
2.0,0.25,rbf,0.4310344827586207,0.04599985011776038,0.4104812797637341,0.057731915800257536
2.0,0.5,rbf,0.4612068965517242,0.024051921218861842,0.4531090910522241,0.03746862050361602
2.0,1.0,rbf,0.4267241379310345,0.05098434095151141,0.4203509076314561,0.0586270378838639
2.0,2.0,rbf,0.3706896551724138,0.058930976984370435,0.3600937331482049,0.06554653741523735
2.0,4.0,rbf,0.3103448275862069,0.031175095517964074,0.30197992492373554,0.036444241377707895
2.0,8.0,rbf,0.2974137931034483,0.04218025511828001,0.2916090659592857,0.04632537888915852
2.0,16.0,rbf,0.27155172413793105,0.03103225639828628,0.25208341028412823,0.02001071032636739
2.0,32.0,rbf,0.2327586206896552,0.03933055488874605,0.14965970889858393,0.03327989100944802
2.0,64.0,rbf,0.2413793103448276,0.044014893786195115,0.1538567886402869,0.04413342539129237
2.0,128.0,rbf,0.2413793103448276,0.05053077511585748,0.1616680136747674,0.10767571100618434
2.0,256.0,rbf,0.2413793103448276,0.05053077511585748,0.04998668212314927,0.0651421050315883
2.0,512.0,rbf,0.2413793103448276,0.05053077511585748,0.0585437825619818,0.07215998695905489
2.0,1024.0,rbf,0.2413793103448276,0.05053077511585748,0.0,0.0
2.0,2048.0,rbf,0.2413793103448276,0.05053077511585748,0.0,0.0
2.0,4096.0,rbf,0.2413793103448276,0.05053077511585748,0.0,0.0
2.0,8192.0,rbf,0.2413793103448276,0.05053077511585748,0.0,0.0
2.0,16384.0,rbf,0.2413793103448276,0.05053077511585748,0.0,0.0
2.0,32768.0,rbf,0.2413793103448276,0.05053077511585748,0.0,0.0
4.0,3.0517578125e-05,rbf,0.2413793103448276,0.05053077511585748,0.0,0.0
4.0,6.103515625e-05,rbf,0.2413793103448276,0.05053077511585748,0.0,0.0
4.0,0.0001220703125,rbf,0.2413793103448276,0.05053077511585748,0.0,0.0
4.0,0.000244140625,rbf,0.2413793103448276,0.05053077511585748,0.0,0.0
4.0,0.00048828125,rbf,0.2413793103448276,0.05053077511585748,0.0,0.0
4.0,0.0009765625,rbf,0.2413793103448276,0.05053077511585748,0.0,0.0
4.0,0.001953125,rbf,0.2844827586206897,0.06692520448726955,0.31692584054824235,0.10207422073047713
4.0,0.00390625,rbf,0.3620689655172414,0.04110239142242432,0.4070947144231124,0.05031086608683144
4.0,0.0078125,rbf,0.3879310344827586,0.06636869895501153,0.3777912909122497,0.06227035318282005
4.0,0.015625,rbf,0.4267241379310345,0.04513517621218776,0.4158806517528765,0.049850598276663736
4.0,0.03125,rbf,0.4310344827586207,0.035841595654751354,0.4166447020698901,0.0338363412924713
4.0,0.0625,rbf,0.4396551724137931,0.04380509656258448,0.4242990524892966,0.04659131881199199
4.0,0.125,rbf,0.4224137931034483,0.024401312289797597,0.3971687701714441,0.031228769190326144
4.0,0.25,rbf,0.44396551724137934,0.037758086851953164,0.4239019869160589,0.05359556219245658
4.0,0.5,rbf,0.4396551724137931,0.03839654868392636,0.4275427188681672,0.0537699675260434
4.0,1.0,rbf,0.3965517241379311,0.038052129669345104,0.38631801298437146,0.04840306762797299
4.0,2.0,rbf,0.3534482758620689,0.04980655467973438,0.3447229033115239,0.04907596411765286
4.0,4.0,rbf,0.3017241379310345,0.031511777670585835,0.2934707752623714,0.030368941295072224
4.0,8.0,rbf,0.2974137931034483,0.0532711941921117,0.2899956717440166,0.05326486595249638
4.0,16.0,rbf,0.2801724137931034,0.03482669831531399,0.25656181678743506,0.01970863693455916
4.0,32.0,rbf,0.2327586206896552,0.03933055488874605,0.14965970889858393,0.03327989100944802
4.0,64.0,rbf,0.2413793103448276,0.044014893786195115,0.1538567886402869,0.04413342539129237
4.0,128.0,rbf,0.2413793103448276,0.05053077511585748,0.1616680136747674,0.10767571100618434
4.0,256.0,rbf,0.2413793103448276,0.05053077511585748,0.04998668212314927,0.0651421050315883
4.0,512.0,rbf,0.2413793103448276,0.05053077511585748,0.0585437825619818,0.07215998695905489
4.0,1024.0,rbf,0.2413793103448276,0.05053077511585748,0.0,0.0
4.0,2048.0,rbf,0.2413793103448276,0.05053077511585748,0.0,0.0
4.0,4096.0,rbf,0.2413793103448276,0.05053077511585748,0.0,0.0
4.0,8192.0,rbf,0.2413793103448276,0.05053077511585748,0.0,0.0
4.0,16384.0,rbf,0.2413793103448276,0.05053077511585748,0.0,0.0
4.0,32768.0,rbf,0.2413793103448276,0.05053077511585748,0.0,0.0
8.0,3.0517578125e-05,rbf,0.2413793103448276,0.05053077511585748,0.0,0.0
8.0,6.103515625e-05,rbf,0.2413793103448276,0.05053077511585748,0.0,0.0
8.0,0.0001220703125,rbf,0.2413793103448276,0.05053077511585748,0.0,0.0
8.0,0.000244140625,rbf,0.2413793103448276,0.05053077511585748,0.0,0.0
8.0,0.00048828125,rbf,0.2413793103448276,0.05053077511585748,0.0,0.0
8.0,0.0009765625,rbf,0.2844827586206897,0.06692520448726955,0.31692584054824235,0.10207422073047713
8.0,0.001953125,rbf,0.3534482758620689,0.052172106092830364,0.390979581461604,0.05709420310501913
8.0,0.00390625,rbf,0.3793103448275862,0.05935235588044405,0.3694398198384555,0.0551638396051632
8.0,0.0078125,rbf,0.4181034482758621,0.040453953992270905,0.4083128358036279,0.044722751544116174
8.0,0.015625,rbf,0.4267241379310345,0.05435327750809989,0.41383175929321975,0.04827511824095188
8.0,0.03125,rbf,0.4396551724137931,0.04061698097636437,0.42353479561337065,0.03869689021489277
8.0,0.0625,rbf,0.4181034482758621,0.028654940828825963,0.4152334815874189,0.04706004642623533
8.0,0.125,rbf,0.4181034482758621,0.04701811765923695,0.3880118555634421,0.0578760013913894
8.0,0.25,rbf,0.4310344827586207,0.011237863222839069,0.4223936172192743,0.018043252535343026
8.0,0.5,rbf,0.4396551724137931,0.03482990590929524,0.42680268037500935,0.04427300886200552
8.0,1.0,rbf,0.3620689655172414,0.05947732052673652,0.3570773551151822,0.06221503375117188
8.0,2.0,rbf,0.3189655172413793,0.04780637354607085,0.3118863046701469,0.04618682729532151
8.0,4.0,rbf,0.28879310344827586,0.04679093495152934,0.2831252153164301,0.04445940769024557
8.0,8.0,rbf,0.3017241379310345,0.04533900868776289,0.29294963255441264,0.043960456236368885
8.0,16.0,rbf,0.2801724137931034,0.03482669831531399,0.25656181678743506,0.01970863693455916
8.0,32.0,rbf,0.2327586206896552,0.03933055488874605,0.14965970889858393,0.03327989100944802
8.0,64.0,rbf,0.2413793103448276,0.044014893786195115,0.1538567886402869,0.04413342539129237
8.0,128.0,rbf,0.2413793103448276,0.05053077511585748,0.1616680136747674,0.10767571100618434
8.0,256.0,rbf,0.2413793103448276,0.05053077511585748,0.04998668212314927,0.0651421050315883
8.0,512.0,rbf,0.2413793103448276,0.05053077511585748,0.0585437825619818,0.07215998695905489
8.0,1024.0,rbf,0.2413793103448276,0.05053077511585748,0.0,0.0
8.0,2048.0,rbf,0.2413793103448276,0.05053077511585748,0.0,0.0
8.0,4096.0,rbf,0.2413793103448276,0.05053077511585748,0.0,0.0
8.0,8192.0,rbf,0.2413793103448276,0.05053077511585748,0.0,0.0
8.0,16384.0,rbf,0.2413793103448276,0.05053077511585748,0.0,0.0
8.0,32768.0,rbf,0.2413793103448276,0.05053077511585748,0.0,0.0
16.0,3.0517578125e-05,rbf,0.2413793103448276,0.05053077511585748,0.0,0.0
16.0,6.103515625e-05,rbf,0.2413793103448276,0.05053077511585748,0.0,0.0
16.0,0.0001220703125,rbf,0.2413793103448276,0.05053077511585748,0.0,0.0
16.0,0.000244140625,rbf,0.2413793103448276,0.05053077511585748,0.0,0.0
16.0,0.00048828125,rbf,0.2844827586206897,0.06692520448726955,0.31638140771158685,0.10154790423230158
16.0,0.0009765625,rbf,0.3534482758620689,0.052172106092830364,0.390979581461604,0.05709420310501913
16.0,0.001953125,rbf,0.3793103448275862,0.05935235588044405,0.3694398198384555,0.0551638396051632
16.0,0.00390625,rbf,0.4181034482758621,0.040453953992270905,0.4083128358036279,0.044722751544116174
16.0,0.0078125,rbf,0.4224137931034483,0.05265479065913169,0.4135862139365129,0.0509576339229266
16.0,0.015625,rbf,0.4396551724137931,0.04061698097636437,0.4233512369310089,0.04078982582098881
16.0,0.03125,rbf,0.4310344827586207,0.04782722065555891,0.4145433089162651,0.04614960243199735
16.0,0.0625,rbf,0.4310344827586207,0.032053622913955346,0.4254230558216702,0.04740758698664995
16.0,0.125,rbf,0.4310344827586207,0.032053622913955346,0.40411628587258575,0.04454457158932425
16.0,0.25,rbf,0.4224137931034483,0.02029790907041343,0.40740962488686056,0.03464766264044305
16.0,0.5,rbf,0.4137931034482759,0.031899903092543175,0.4053518686759972,0.04256996967652341
16.0,1.0,rbf,0.34051724137931033,0.06851133079745993,0.3373512885021547,0.06516775519555748
16.0,2.0,rbf,0.3189655172413793,0.03239390785332474,0.3177420800509373,0.030743161764755157
16.0,4.0,rbf,0.28879310344827586,0.04496578851612934,0.28185336424367063,0.04665484589853426
16.0,8.0,rbf,0.3017241379310345,0.05470518433427412,0.29135543616148224,0.05114133318483505
16.0,16.0,rbf,0.2801724137931034,0.03482669831531399,0.25656181678743506,0.01970863693455916
16.0,32.0,rbf,0.2327586206896552,0.03933055488874605,0.14965970889858393,0.03327989100944802
16.0,64.0,rbf,0.2413793103448276,0.044014893786195115,0.1538567886402869,0.04413342539129237
16.0,128.0,rbf,0.2413793103448276,0.05053077511585748,0.1616680136747674,0.10767571100618434
16.0,256.0,rbf,0.2413793103448276,0.05053077511585748,0.04998668212314927,0.0651421050315883
16.0,512.0,rbf,0.2413793103448276,0.05053077511585748,0.0585437825619818,0.07215998695905489
16.0,1024.0,rbf,0.2413793103448276,0.05053077511585748,0.0,0.0
16.0,2048.0,rbf,0.2413793103448276,0.05053077511585748,0.0,0.0
16.0,4096.0,rbf,0.2413793103448276,0.05053077511585748,0.0,0.0
16.0,8192.0,rbf,0.2413793103448276,0.05053077511585748,0.0,0.0
16.0,16384.0,rbf,0.2413793103448276,0.05053077511585748,0.0,0.0
16.0,32768.0,rbf,0.2413793103448276,0.05053077511585748,0.0,0.0
32.0,3.0517578125e-05,rbf,0.2413793103448276,0.05053077511585748,0.0,0.0
32.0,6.103515625e-05,rbf,0.2413793103448276,0.05053077511585748,0.0,0.0
32.0,0.0001220703125,rbf,0.2413793103448276,0.05053077511585748,0.0,0.0
32.0,0.000244140625,rbf,0.2844827586206897,0.06692520448726955,0.31638140771158685,0.10154790423230158
32.0,0.00048828125,rbf,0.3534482758620689,0.052172106092830364,0.390979581461604,0.05709420310501913
32.0,0.0009765625,rbf,0.3793103448275862,0.05935235588044405,0.3700459256042976,0.05472666432474802
32.0,0.001953125,rbf,0.4224137931034483,0.04307472965892768,0.4118829310978611,0.04619354425916528
32.0,0.00390625,rbf,0.4224137931034483,0.05265479065913169,0.4141958385126468,0.05101642169749596
32.0,0.0078125,rbf,0.4396551724137931,0.051503030980624566,0.4258018749186016,0.044448156237509535
32.0,0.015625,rbf,0.4396551724137931,0.04184993462475622,0.4221505992044024,0.03777393862330752
32.0,0.03125,rbf,0.4224137931034483,0.03095600961223877,0.41930966545917775,0.04587063650086418
32.0,0.0625,rbf,0.4310344827586207,0.04215518864050236,0.3992588181567423,0.04871802405128831
32.0,0.125,rbf,0.4396551724137931,0.032026802038273905,0.4207881771484436,0.048235882447560316
32.0,0.25,rbf,0.4137931034482759,0.04552211174919302,0.39954289568207024,0.05616450211857541
32.0,0.5,rbf,0.375,0.07592914943022364,0.37069461098763207,0.07587943073754295
32.0,1.0,rbf,0.331896551724138,0.047628985129651566,0.3227437352660455,0.043894581541324286
32.0,2.0,rbf,0.3189655172413793,0.042414507581911065,0.3194649119270013,0.046783591131973716
32.0,4.0,rbf,0.2974137931034483,0.04236889653880145,0.29072105606620857,0.046258776507909286
32.0,8.0,rbf,0.29310344827586204,0.0586116352850057,0.28270817831267386,0.05362738715203029
32.0,16.0,rbf,0.27586206896551724,0.040519540413516034,0.2514817675263514,0.028489033869421494
32.0,32.0,rbf,0.2327586206896552,0.03933055488874605,0.14965970889858393,0.03327989100944802
32.0,64.0,rbf,0.2413793103448276,0.044014893786195115,0.1538567886402869,0.04413342539129237
32.0,128.0,rbf,0.2413793103448276,0.05053077511585748,0.1616680136747674,0.10767571100618434
32.0,256.0,rbf,0.2413793103448276,0.05053077511585748,0.04998668212314927,0.0651421050315883
32.0,512.0,rbf,0.2413793103448276,0.05053077511585748,0.0585437825619818,0.07215998695905489
32.0,1024.0,rbf,0.2413793103448276,0.05053077511585748,0.0,0.0
32.0,2048.0,rbf,0.2413793103448276,0.05053077511585748,0.0,0.0
32.0,4096.0,rbf,0.2413793103448276,0.05053077511585748,0.0,0.0
32.0,8192.0,rbf,0.2413793103448276,0.05053077511585748,0.0,0.0
32.0,16384.0,rbf,0.2413793103448276,0.05053077511585748,0.0,0.0
32.0,32768.0,rbf,0.2413793103448276,0.05053077511585748,0.0,0.0
64.0,3.0517578125e-05,rbf,0.2413793103448276,0.05053077511585748,0.0,0.0
64.0,6.103515625e-05,rbf,0.2413793103448276,0.05053077511585748,0.0,0.0
64.0,0.0001220703125,rbf,0.2844827586206897,0.06692520448726955,0.31638140771158685,0.10154790423230158
64.0,0.000244140625,rbf,0.3534482758620689,0.052172106092830364,0.390979581461604,0.05709420310501913
64.0,0.00048828125,rbf,0.3793103448275862,0.05935235588044405,0.3700459256042976,0.05472666432474802
64.0,0.0009765625,rbf,0.4224137931034483,0.04307472965892768,0.4118829310978611,0.04619354425916528
64.0,0.001953125,rbf,0.4224137931034483,0.05265479065913169,0.41368716427833546,0.0509653365358222
64.0,0.00390625,rbf,0.4396551724137931,0.04061698097636437,0.4291563024477952,0.040938190340361086
64.0,0.0078125,rbf,0.4353448275862069,0.0373102597882061,0.4187526693134457,0.03647548798568405
64.0,0.015625,rbf,0.4396551724137931,0.031902058127377106,0.4226328767464675,0.029271393964325838
64.0,0.03125,rbf,0.4267241379310345,0.037538962010843634,0.4013387611866821,0.04323812934208464
64.0,0.0625,rbf,0.4267241379310345,0.0490917818112088,0.3947214260728422,0.06293906383655491
64.0,0.125,rbf,0.4181034482758621,0.032958543764984576,0.3905697711286125,0.0542382595365231
64.0,0.25,rbf,0.4094827586206897,0.04584771789153625,0.3935589237858309,0.0525143068397357
64.0,0.5,rbf,0.34051724137931033,0.06603678685494987,0.33689041439939604,0.06818601224101814
64.0,1.0,rbf,0.3017241379310345,0.056797167377492075,0.2995459522996064,0.052740493331955705
64.0,2.0,rbf,0.3017241379310345,0.0484839245743351,0.302685550280527,0.05091337719204499
64.0,4.0,rbf,0.3103448275862069,0.05169621881996561,0.3051626102718629,0.054788867908589285
64.0,8.0,rbf,0.2974137931034483,0.061601854314640075,0.2867858459565847,0.0581943006638083
64.0,16.0,rbf,0.27586206896551724,0.040519540413516034,0.2514817675263514,0.028489033869421494
64.0,32.0,rbf,0.2327586206896552,0.03933055488874605,0.14965970889858393,0.03327989100944802
64.0,64.0,rbf,0.2413793103448276,0.044014893786195115,0.1538567886402869,0.04413342539129237
64.0,128.0,rbf,0.2413793103448276,0.05053077511585748,0.1616680136747674,0.10767571100618434
64.0,256.0,rbf,0.2413793103448276,0.05053077511585748,0.04998668212314927,0.0651421050315883
64.0,512.0,rbf,0.2413793103448276,0.05053077511585748,0.0585437825619818,0.07215998695905489
64.0,1024.0,rbf,0.2413793103448276,0.05053077511585748,0.0,0.0
64.0,2048.0,rbf,0.2413793103448276,0.05053077511585748,0.0,0.0
64.0,4096.0,rbf,0.2413793103448276,0.05053077511585748,0.0,0.0
64.0,8192.0,rbf,0.2413793103448276,0.05053077511585748,0.0,0.0
64.0,16384.0,rbf,0.2413793103448276,0.05053077511585748,0.0,0.0
64.0,32768.0,rbf,0.2413793103448276,0.05053077511585748,0.0,0.0
128.0,3.0517578125e-05,rbf,0.2413793103448276,0.05053077511585748,0.0,0.0
128.0,6.103515625e-05,rbf,0.2844827586206897,0.06692520448726955,0.31638140771158685,0.10154790423230158
128.0,0.0001220703125,rbf,0.3534482758620689,0.052172106092830364,0.390979581461604,0.05709420310501913
128.0,0.000244140625,rbf,0.3793103448275862,0.05935235588044405,0.3700459256042976,0.05472666432474802
128.0,0.00048828125,rbf,0.4224137931034483,0.04307472965892768,0.4118829310978611,0.04619354425916528
128.0,0.0009765625,rbf,0.4267241379310345,0.044220392211442534,0.4173838483249761,0.045234049850052124
128.0,0.001953125,rbf,0.4396551724137931,0.04499501902808235,0.4297161990296306,0.04603927498854602
128.0,0.00390625,rbf,0.4353448275862069,0.039742443084377736,0.4218359309147587,0.04093571510788722
128.0,0.0078125,rbf,0.44396551724137934,0.04549321990852913,0.4268233900714121,0.04079673704281332
128.0,0.015625,rbf,0.4310344827586207,0.014284370695573253,0.427362326686318,0.0345418749351284
128.0,0.03125,rbf,0.4525862068965517,0.04443596465399393,0.418311521784636,0.04878808376164435
128.0,0.0625,rbf,0.4310344827586207,0.028110253375449774,0.4023124071113988,0.03758478096498461
128.0,0.125,rbf,0.4094827586206897,0.025585125469398045,0.3951744549846814,0.03920645592439387
128.0,0.25,rbf,0.3965517241379311,0.05763703272105875,0.3872616526013463,0.06103422312976895
128.0,0.5,rbf,0.3189655172413793,0.06119498383248311,0.3165526511183849,0.05341081579956294
128.0,1.0,rbf,0.3017241379310345,0.06673850141925107,0.29762711066235004,0.06684229220311401
128.0,2.0,rbf,0.3017241379310345,0.04509650967302665,0.3018837701038106,0.048985673192245616
128.0,4.0,rbf,0.3103448275862069,0.03934540963279352,0.3047983924102792,0.04278623807165384
128.0,8.0,rbf,0.2974137931034483,0.061601854314640075,0.2867858459565847,0.0581943006638083
128.0,16.0,rbf,0.27586206896551724,0.040519540413516034,0.2514817675263514,0.028489033869421494
128.0,32.0,rbf,0.2327586206896552,0.03933055488874605,0.14965970889858393,0.03327989100944802
128.0,64.0,rbf,0.2413793103448276,0.044014893786195115,0.1538567886402869,0.04413342539129237
128.0,128.0,rbf,0.2413793103448276,0.05053077511585748,0.1616680136747674,0.10767571100618434
128.0,256.0,rbf,0.2413793103448276,0.05053077511585748,0.04998668212314927,0.0651421050315883
128.0,512.0,rbf,0.2413793103448276,0.05053077511585748,0.0585437825619818,0.07215998695905489
128.0,1024.0,rbf,0.2413793103448276,0.05053077511585748,0.0,0.0
128.0,2048.0,rbf,0.2413793103448276,0.05053077511585748,0.0,0.0
128.0,4096.0,rbf,0.2413793103448276,0.05053077511585748,0.0,0.0
128.0,8192.0,rbf,0.2413793103448276,0.05053077511585748,0.0,0.0
128.0,16384.0,rbf,0.2413793103448276,0.05053077511585748,0.0,0.0
128.0,32768.0,rbf,0.2413793103448276,0.05053077511585748,0.0,0.0
256.0,3.0517578125e-05,rbf,0.2844827586206897,0.06692520448726955,0.31638140771158685,0.10154790423230158
256.0,6.103515625e-05,rbf,0.3534482758620689,0.052172106092830364,0.390979581461604,0.05709420310501913
256.0,0.0001220703125,rbf,0.3793103448275862,0.05935235588044405,0.3700459256042976,0.05472666432474802
256.0,0.000244140625,rbf,0.4224137931034483,0.04307472965892768,0.4118829310978611,0.04619354425916528
256.0,0.00048828125,rbf,0.4267241379310345,0.044220392211442534,0.41799071957740697,0.045290205551702815
256.0,0.0009765625,rbf,0.4310344827586207,0.053382224814916085,0.4233614118645519,0.051568489738142674
256.0,0.001953125,rbf,0.4267241379310345,0.04827272191452392,0.4129357208058159,0.04693734519354969
256.0,0.00390625,rbf,0.4396551724137931,0.04184993462475622,0.4203548513944189,0.04059528328136283
256.0,0.0078125,rbf,0.44396551724137934,0.033949056150039195,0.4266483545695945,0.029719137069462644
256.0,0.015625,rbf,0.4224137931034483,0.033847907290770474,0.4112935428884169,0.057683497350043786
256.0,0.03125,rbf,0.4353448275862069,0.03841601506981069,0.40492311922867613,0.037737581197149234
256.0,0.0625,rbf,0.4224137931034483,0.028050271056335976,0.3939826606275539,0.047859766118527415
256.0,0.125,rbf,0.3922413793103448,0.05527759873323272,0.3810249833544884,0.06071050463099548
256.0,0.25,rbf,0.3706896551724138,0.06202961100986808,0.3664667745591209,0.06777487401010167
256.0,0.5,rbf,0.3146551724137931,0.056164687744808615,0.3099602960521669,0.0501816891952261
256.0,1.0,rbf,0.2844827586206897,0.09322895101203887,0.28167789289360856,0.09474356992747847
256.0,2.0,rbf,0.3146551724137931,0.03857139248067507,0.3153186122551285,0.03908359526531429
256.0,4.0,rbf,0.3103448275862069,0.03934540963279352,0.3047983924102792,0.04278623807165384
256.0,8.0,rbf,0.2974137931034483,0.061601854314640075,0.2867858459565847,0.0581943006638083
256.0,16.0,rbf,0.27586206896551724,0.040519540413516034,0.2514817675263514,0.028489033869421494
256.0,32.0,rbf,0.2327586206896552,0.03933055488874605,0.14965970889858393,0.03327989100944802
256.0,64.0,rbf,0.2413793103448276,0.044014893786195115,0.1538567886402869,0.04413342539129237
256.0,128.0,rbf,0.2413793103448276,0.05053077511585748,0.1616680136747674,0.10767571100618434
256.0,256.0,rbf,0.2413793103448276,0.05053077511585748,0.04998668212314927,0.0651421050315883
256.0,512.0,rbf,0.2413793103448276,0.05053077511585748,0.0585437825619818,0.07215998695905489
256.0,1024.0,rbf,0.2413793103448276,0.05053077511585748,0.0,0.0
256.0,2048.0,rbf,0.2413793103448276,0.05053077511585748,0.0,0.0
256.0,4096.0,rbf,0.2413793103448276,0.05053077511585748,0.0,0.0
256.0,8192.0,rbf,0.2413793103448276,0.05053077511585748,0.0,0.0
256.0,16384.0,rbf,0.2413793103448276,0.05053077511585748,0.0,0.0
256.0,32768.0,rbf,0.2413793103448276,0.05053077511585748,0.0,0.0
512.0,3.0517578125e-05,rbf,0.3534482758620689,0.052172106092830364,0.390979581461604,0.05709420310501913
512.0,6.103515625e-05,rbf,0.3793103448275862,0.05935235588044405,0.3700459256042976,0.05472666432474802
512.0,0.0001220703125,rbf,0.4224137931034483,0.04307472965892768,0.4118829310978611,0.04619354425916528
512.0,0.000244140625,rbf,0.4224137931034483,0.044284281496597036,0.41385354801736784,0.045558803544744425
512.0,0.00048828125,rbf,0.4310344827586207,0.053382224814916085,0.4225732345246504,0.052758227639913724
512.0,0.0009765625,rbf,0.4267241379310345,0.05605073659394756,0.4137473598572541,0.052725930772356634
512.0,0.001953125,rbf,0.4353448275862069,0.039742443084377736,0.4217333036569589,0.040958417685563527
512.0,0.00390625,rbf,0.4482758620689655,0.045448807782320695,0.43268964678297095,0.042161444843850815
512.0,0.0078125,rbf,0.4353448275862069,0.0203262548693879,0.4320351175533279,0.035028842080323024
512.0,0.015625,rbf,0.4482758620689655,0.04571124956663344,0.417183168797788,0.04382469855983306
512.0,0.03125,rbf,0.4267241379310345,0.04735539657355165,0.3936171093756319,0.0534442509117129
512.0,0.0625,rbf,0.4094827586206897,0.04165543635823518,0.3826278219062525,0.058115627112961366
512.0,0.125,rbf,0.3965517241379311,0.05253388097536365,0.3811487521544236,0.05932002453329172
512.0,0.25,rbf,0.3534482758620689,0.07117935830572852,0.3513982658346487,0.07353728462541655
512.0,0.5,rbf,0.3232758620689655,0.0643778543389023,0.3173518266237967,0.06006948340209808
512.0,1.0,rbf,0.28879310344827586,0.09151935901080853,0.2848907316661133,0.09067986521263904
512.0,2.0,rbf,0.3189655172413793,0.04359665512258958,0.3212343451696396,0.040492739172817684
512.0,4.0,rbf,0.30603448275862066,0.0360564977521237,0.3013971168575793,0.03876102350342868
512.0,8.0,rbf,0.2974137931034483,0.061601854314640075,0.2867858459565847,0.0581943006638083
512.0,16.0,rbf,0.27586206896551724,0.040519540413516034,0.2514817675263514,0.028489033869421494
512.0,32.0,rbf,0.2327586206896552,0.03933055488874605,0.14965970889858393,0.03327989100944802
512.0,64.0,rbf,0.2413793103448276,0.044014893786195115,0.1538567886402869,0.04413342539129237
512.0,128.0,rbf,0.2413793103448276,0.05053077511585748,0.1616680136747674,0.10767571100618434
512.0,256.0,rbf,0.2413793103448276,0.05053077511585748,0.04998668212314927,0.0651421050315883
512.0,512.0,rbf,0.2413793103448276,0.05053077511585748,0.0585437825619818,0.07215998695905489
512.0,1024.0,rbf,0.2413793103448276,0.05053077511585748,0.0,0.0
512.0,2048.0,rbf,0.2413793103448276,0.05053077511585748,0.0,0.0
512.0,4096.0,rbf,0.2413793103448276,0.05053077511585748,0.0,0.0
512.0,8192.0,rbf,0.2413793103448276,0.05053077511585748,0.0,0.0
512.0,16384.0,rbf,0.2413793103448276,0.05053077511585748,0.0,0.0
512.0,32768.0,rbf,0.2413793103448276,0.05053077511585748,0.0,0.0
1024.0,3.0517578125e-05,rbf,0.3793103448275862,0.05935235588044405,0.3700459256042976,0.05472666432474802
1024.0,6.103515625e-05,rbf,0.4224137931034483,0.04307472965892768,0.4118829310978611,0.04619354425916528
1024.0,0.0001220703125,rbf,0.4224137931034483,0.044284281496597036,0.41385354801736784,0.045558803544744425
1024.0,0.000244140625,rbf,0.4267241379310345,0.06085970722307835,0.4181148903884479,0.05965461158132266
1024.0,0.00048828125,rbf,0.4181034482758621,0.06112177725776807,0.40706419233737257,0.05718287257514139
1024.0,0.0009765625,rbf,0.4224137931034483,0.04635195664177967,0.4058222093042795,0.040461607906698484
1024.0,0.001953125,rbf,0.44396551724137934,0.04549321990852913,0.42446450807760505,0.04342650918957333
1024.0,0.00390625,rbf,0.4353448275862069,0.029355332378524637,0.4330229073379461,0.03800889062056096
1024.0,0.0078125,rbf,0.44396551724137934,0.04575540695649535,0.4348062820404448,0.08072844984455459
1024.0,0.015625,rbf,0.4396551724137931,0.040346110339594,0.4088348229362647,0.04099681673507447
1024.0,0.03125,rbf,0.4181034482758621,0.039455988559994284,0.3896274863409577,0.04258221174476813
1024.0,0.0625,rbf,0.3965517241379311,0.036171904729202516,0.3745824139870061,0.048366785961997165
1024.0,0.125,rbf,0.3922413793103448,0.06992712070467973,0.38573713222848105,0.07468707135730422
1024.0,0.25,rbf,0.3189655172413793,0.06819060482479086,0.3143679851760417,0.06593687291584441
1024.0,0.5,rbf,0.3232758620689655,0.08092521883941023,0.3214593616738868,0.07518684128708229
1024.0,1.0,rbf,0.2844827586206897,0.07651552105235747,0.2767427062358737,0.07484289997696485
1024.0,2.0,rbf,0.3189655172413793,0.04359665512258958,0.3212343451696396,0.040492739172817684
1024.0,4.0,rbf,0.30603448275862066,0.0360564977521237,0.3013971168575793,0.03876102350342868
1024.0,8.0,rbf,0.2974137931034483,0.061601854314640075,0.2867858459565847,0.0581943006638083
1024.0,16.0,rbf,0.27586206896551724,0.040519540413516034,0.2514817675263514,0.028489033869421494
1024.0,32.0,rbf,0.2327586206896552,0.03933055488874605,0.14965970889858393,0.03327989100944802
1024.0,64.0,rbf,0.2413793103448276,0.044014893786195115,0.1538567886402869,0.04413342539129237
1024.0,128.0,rbf,0.2413793103448276,0.05053077511585748,0.1616680136747674,0.10767571100618434
1024.0,256.0,rbf,0.2413793103448276,0.05053077511585748,0.04998668212314927,0.0651421050315883
1024.0,512.0,rbf,0.2413793103448276,0.05053077511585748,0.0585437825619818,0.07215998695905489
1024.0,1024.0,rbf,0.2413793103448276,0.05053077511585748,0.0,0.0
1024.0,2048.0,rbf,0.2413793103448276,0.05053077511585748,0.0,0.0
1024.0,4096.0,rbf,0.2413793103448276,0.05053077511585748,0.0,0.0
1024.0,8192.0,rbf,0.2413793103448276,0.05053077511585748,0.0,0.0
1024.0,16384.0,rbf,0.2413793103448276,0.05053077511585748,0.0,0.0
1024.0,32768.0,rbf,0.2413793103448276,0.05053077511585748,0.0,0.0
2048.0,3.0517578125e-05,rbf,0.4224137931034483,0.04307472965892768,0.4118829310978611,0.04619354425916528
2048.0,6.103515625e-05,rbf,0.4224137931034483,0.044284281496597036,0.41385354801736784,0.045558803544744425
2048.0,0.0001220703125,rbf,0.4267241379310345,0.06085970722307835,0.4181148903884479,0.05965461158132266
2048.0,0.000244140625,rbf,0.4224137931034483,0.06369034056425803,0.4137347631724572,0.05959250300183396
2048.0,0.00048828125,rbf,0.4094827586206897,0.048776380689029536,0.3973737369935457,0.04315917185663674
2048.0,0.0009765625,rbf,0.4353448275862069,0.04075785601189586,0.417321045026318,0.040868501394725684
2048.0,0.001953125,rbf,0.4482758620689655,0.045448807782320695,0.431738115664272,0.042008938454696255
2048.0,0.00390625,rbf,0.4353448275862069,0.0203262548693879,0.4320351175533279,0.035028842080323024
2048.0,0.0078125,rbf,0.4482758620689655,0.05808141560583071,0.4405212064627179,0.09540955341233498
2048.0,0.015625,rbf,0.4482758620689655,0.0346458550031977,0.4168451401418587,0.042665317433542425
2048.0,0.03125,rbf,0.4137931034482759,0.028882259061233262,0.4013125327005035,0.05568074959843088
2048.0,0.0625,rbf,0.4008620689655173,0.03392474713379166,0.3897404642240235,0.03896399079803225
2048.0,0.125,rbf,0.3620689655172414,0.0665187269952721,0.3529910186103471,0.07111322244138074
2048.0,0.25,rbf,0.3017241379310345,0.0571645483345849,0.2983503628622473,0.05324830665877342
2048.0,0.5,rbf,0.3275862068965517,0.10986841765316163,0.325654406199644,0.10631334202142596
2048.0,1.0,rbf,0.29310344827586204,0.07091034701664424,0.2874851824470165,0.06489808099960936
2048.0,2.0,rbf,0.3189655172413793,0.05008734331785928,0.3221990413929565,0.04828497785018434
2048.0,4.0,rbf,0.30603448275862066,0.0360564977521237,0.3013971168575793,0.03876102350342868
2048.0,8.0,rbf,0.2974137931034483,0.061601854314640075,0.2867858459565847,0.0581943006638083
2048.0,16.0,rbf,0.27586206896551724,0.040519540413516034,0.2514817675263514,0.028489033869421494
2048.0,32.0,rbf,0.2327586206896552,0.03933055488874605,0.14965970889858393,0.03327989100944802
2048.0,64.0,rbf,0.2413793103448276,0.044014893786195115,0.1538567886402869,0.04413342539129237
2048.0,128.0,rbf,0.2413793103448276,0.05053077511585748,0.1616680136747674,0.10767571100618434
2048.0,256.0,rbf,0.2413793103448276,0.05053077511585748,0.04998668212314927,0.0651421050315883
2048.0,512.0,rbf,0.2413793103448276,0.05053077511585748,0.0585437825619818,0.07215998695905489
2048.0,1024.0,rbf,0.2413793103448276,0.05053077511585748,0.0,0.0
2048.0,2048.0,rbf,0.2413793103448276,0.05053077511585748,0.0,0.0
2048.0,4096.0,rbf,0.2413793103448276,0.05053077511585748,0.0,0.0
2048.0,8192.0,rbf,0.2413793103448276,0.05053077511585748,0.0,0.0
2048.0,16384.0,rbf,0.2413793103448276,0.05053077511585748,0.0,0.0
2048.0,32768.0,rbf,0.2413793103448276,0.05053077511585748,0.0,0.0
4096.0,3.0517578125e-05,rbf,0.4224137931034483,0.044284281496597036,0.41385354801736784,0.045558803544744425
4096.0,6.103515625e-05,rbf,0.4267241379310345,0.06085970722307835,0.4181148903884479,0.05965461158132266
4096.0,0.0001220703125,rbf,0.4224137931034483,0.06369034056425803,0.4146505140882082,0.060440753488326115
4096.0,0.000244140625,rbf,0.4094827586206897,0.0580860020456024,0.397146944778924,0.05101894528368128
4096.0,0.00048828125,rbf,0.4267241379310345,0.044220392211442534,0.41051118731222297,0.040370399980841805
4096.0,0.0009765625,rbf,0.4482758620689655,0.045448807782320695,0.4322731037797539,0.0429962980906696
4096.0,0.001953125,rbf,0.4353448275862069,0.029355332378524637,0.4332972257141482,0.0375591626583211
4096.0,0.00390625,rbf,0.44396551724137934,0.04575540695649535,0.4348062820404448,0.08072844984455459
4096.0,0.0078125,rbf,0.4482758620689655,0.03953714403635384,0.4176917808006629,0.04156003617501478
4096.0,0.015625,rbf,0.4181034482758621,0.049818113306807535,0.3861915223984189,0.05656496118214409
4096.0,0.03125,rbf,0.4008620689655173,0.02013083825138754,0.3704687983684696,0.03713603712105445
4096.0,0.0625,rbf,0.4051724137931034,0.03092267936934815,0.3904528296252871,0.03673744946100821
4096.0,0.125,rbf,0.3663793103448276,0.07496096863528579,0.3584681350634174,0.0788957564710584
4096.0,0.25,rbf,0.30603448275862066,0.05559135967292178,0.2975536961191821,0.049828075769183015
4096.0,0.5,rbf,0.3189655172413793,0.08192330469248728,0.3196595360216433,0.07978742088972561
4096.0,1.0,rbf,0.2974137931034483,0.06357676676369672,0.2947165622376469,0.0627984710103401
4096.0,2.0,rbf,0.3189655172413793,0.05008734331785928,0.3221990413929565,0.04828497785018434
4096.0,4.0,rbf,0.30603448275862066,0.0360564977521237,0.3013971168575793,0.03876102350342868
4096.0,8.0,rbf,0.2974137931034483,0.061601854314640075,0.2867858459565847,0.0581943006638083
4096.0,16.0,rbf,0.27586206896551724,0.040519540413516034,0.2514817675263514,0.028489033869421494
4096.0,32.0,rbf,0.2327586206896552,0.03933055488874605,0.14965970889858393,0.03327989100944802
4096.0,64.0,rbf,0.2413793103448276,0.044014893786195115,0.1538567886402869,0.04413342539129237
4096.0,128.0,rbf,0.2413793103448276,0.05053077511585748,0.1616680136747674,0.10767571100618434
4096.0,256.0,rbf,0.2413793103448276,0.05053077511585748,0.04998668212314927,0.0651421050315883
4096.0,512.0,rbf,0.2413793103448276,0.05053077511585748,0.0585437825619818,0.07215998695905489
4096.0,1024.0,rbf,0.2413793103448276,0.05053077511585748,0.0,0.0
4096.0,2048.0,rbf,0.2413793103448276,0.05053077511585748,0.0,0.0
4096.0,4096.0,rbf,0.2413793103448276,0.05053077511585748,0.0,0.0
4096.0,8192.0,rbf,0.2413793103448276,0.05053077511585748,0.0,0.0
4096.0,16384.0,rbf,0.2413793103448276,0.05053077511585748,0.0,0.0
4096.0,32768.0,rbf,0.2413793103448276,0.05053077511585748,0.0,0.0
8192.0,3.0517578125e-05,rbf,0.4267241379310345,0.06085970722307835,0.4181148903884479,0.05965461158132266
8192.0,6.103515625e-05,rbf,0.4224137931034483,0.06369034056425803,0.4146505140882082,0.060440753488326115
8192.0,0.0001220703125,rbf,0.4094827586206897,0.0580860020456024,0.397146944778924,0.05101894528368128
8192.0,0.000244140625,rbf,0.4181034482758621,0.05235478330226974,0.4032731883798127,0.04550113050524302
8192.0,0.00048828125,rbf,0.4396551724137931,0.04061698097636437,0.4227208176674699,0.038828727423224366
8192.0,0.0009765625,rbf,0.4396551724137931,0.04184993462475622,0.41608448647796936,0.03974185756425938
8192.0,0.001953125,rbf,0.4396551724137931,0.02772238827428356,0.43644507118995496,0.03763846528268608
8192.0,0.00390625,rbf,0.4482758620689655,0.05808141560583071,0.4388910636535276,0.09503937676375837
8192.0,0.0078125,rbf,0.4525862068965517,0.04019566933265727,0.4191441920804248,0.04819485175384143
8192.0,0.015625,rbf,0.4051724137931034,0.030369713058004063,0.3798665857667286,0.03894228531324142
8192.0,0.03125,rbf,0.3836206896551724,0.04879963102348209,0.3644042231912206,0.05943821445650178
8192.0,0.0625,rbf,0.3965517241379311,0.0542882579126025,0.3838190174014545,0.06001143071056941
8192.0,0.125,rbf,0.331896551724138,0.07397547179328337,0.3244233809676321,0.07066693997601355
8192.0,0.25,rbf,0.2974137931034483,0.05989528627579947,0.2922981926332901,0.051539230483035145
8192.0,0.5,rbf,0.3189655172413793,0.08785350463307114,0.3167055098620701,0.08367818236971937
8192.0,1.0,rbf,0.2974137931034483,0.06357676676369672,0.2934678166794239,0.06362779477250904
8192.0,2.0,rbf,0.3189655172413793,0.05008734331785928,0.3221990413929565,0.04828497785018434
8192.0,4.0,rbf,0.30603448275862066,0.0360564977521237,0.3013971168575793,0.03876102350342868
8192.0,8.0,rbf,0.2974137931034483,0.061601854314640075,0.2867858459565847,0.0581943006638083
8192.0,16.0,rbf,0.27586206896551724,0.040519540413516034,0.2514817675263514,0.028489033869421494
8192.0,32.0,rbf,0.2327586206896552,0.03933055488874605,0.14965970889858393,0.03327989100944802
8192.0,64.0,rbf,0.2413793103448276,0.044014893786195115,0.1538567886402869,0.04413342539129237
8192.0,128.0,rbf,0.2413793103448276,0.05053077511585748,0.1616680136747674,0.10767571100618434
8192.0,256.0,rbf,0.2413793103448276,0.05053077511585748,0.04998668212314927,0.0651421050315883
8192.0,512.0,rbf,0.2413793103448276,0.05053077511585748,0.0585437825619818,0.07215998695905489
8192.0,1024.0,rbf,0.2413793103448276,0.05053077511585748,0.0,0.0
8192.0,2048.0,rbf,0.2413793103448276,0.05053077511585748,0.0,0.0
8192.0,4096.0,rbf,0.2413793103448276,0.05053077511585748,0.0,0.0
8192.0,8192.0,rbf,0.2413793103448276,0.05053077511585748,0.0,0.0
8192.0,16384.0,rbf,0.2413793103448276,0.05053077511585748,0.0,0.0
8192.0,32768.0,rbf,0.2413793103448276,0.05053077511585748,0.0,0.0
16384.0,3.0517578125e-05,rbf,0.4224137931034483,0.06369034056425803,0.4146505140882082,0.060440753488326115
16384.0,6.103515625e-05,rbf,0.4094827586206897,0.0580860020456024,0.397146944778924,0.05101894528368128
16384.0,0.0001220703125,rbf,0.4094827586206897,0.0580860020456024,0.3962516401410924,0.05082489243617083
16384.0,0.000244140625,rbf,0.4310344827586207,0.045826157800801334,0.4171496637782857,0.04443566469969941
16384.0,0.00048828125,rbf,0.4482758620689655,0.045448807782320695,0.4325899201614791,0.04304236764114553
16384.0,0.0009765625,rbf,0.4353448275862069,0.029355332378524637,0.4332972257141482,0.0375591626583211
16384.0,0.001953125,rbf,0.44396551724137934,0.04575540695649535,0.4359810806520505,0.08030278603874805
16384.0,0.00390625,rbf,0.4655172413793103,0.055113967894835615,0.43779160459138333,0.0591895603163387
16384.0,0.0078125,rbf,0.4396551724137931,0.038057549299966194,0.4101658177547864,0.0466557716974309
16384.0,0.015625,rbf,0.3965517241379311,0.022113402361806086,0.3670954506216769,0.031434808534383275
16384.0,0.03125,rbf,0.3793103448275862,0.0404065552598915,0.363604120434734,0.04376242400220736
16384.0,0.0625,rbf,0.375,0.061655956600103284,0.3603312760219428,0.06911343994214031
16384.0,0.125,rbf,0.3275862068965517,0.06160589968504966,0.32000400637920146,0.060743811809553135
16384.0,0.25,rbf,0.2974137931034483,0.07887396207892251,0.2896279891375416,0.07587507106355948
16384.0,0.5,rbf,0.3017241379310345,0.08134601847365806,0.289128068976206,0.0827678156994999
16384.0,1.0,rbf,0.3017241379310345,0.05658616451040074,0.29929056320090003,0.05345595730408364
16384.0,2.0,rbf,0.3189655172413793,0.05008734331785928,0.3221990413929565,0.04828497785018434
16384.0,4.0,rbf,0.30603448275862066,0.0360564977521237,0.3013971168575793,0.03876102350342868
16384.0,8.0,rbf,0.2974137931034483,0.061601854314640075,0.2867858459565847,0.0581943006638083
16384.0,16.0,rbf,0.27586206896551724,0.040519540413516034,0.2514817675263514,0.028489033869421494
16384.0,32.0,rbf,0.2327586206896552,0.03933055488874605,0.14965970889858393,0.03327989100944802
16384.0,64.0,rbf,0.2413793103448276,0.044014893786195115,0.1538567886402869,0.04413342539129237
16384.0,128.0,rbf,0.2413793103448276,0.05053077511585748,0.1616680136747674,0.10767571100618434
16384.0,256.0,rbf,0.2413793103448276,0.05053077511585748,0.04998668212314927,0.0651421050315883
16384.0,512.0,rbf,0.2413793103448276,0.05053077511585748,0.0585437825619818,0.07215998695905489
16384.0,1024.0,rbf,0.2413793103448276,0.05053077511585748,0.0,0.0
16384.0,2048.0,rbf,0.2413793103448276,0.05053077511585748,0.0,0.0
16384.0,4096.0,rbf,0.2413793103448276,0.05053077511585748,0.0,0.0
16384.0,8192.0,rbf,0.2413793103448276,0.05053077511585748,0.0,0.0
16384.0,16384.0,rbf,0.2413793103448276,0.05053077511585748,0.0,0.0
16384.0,32768.0,rbf,0.2413793103448276,0.05053077511585748,0.0,0.0
32768.0,3.0517578125e-05,rbf,0.4137931034482759,0.05898985987864255,0.4047011721607377,0.05467475251038729
32768.0,6.103515625e-05,rbf,0.4094827586206897,0.0580860020456024,0.39651860516464976,0.050767890972622
32768.0,0.0001220703125,rbf,0.4181034482758621,0.05053332601141596,0.4065170846357459,0.04704746453414011
32768.0,0.000244140625,rbf,0.4396551724137931,0.0395475755419317,0.4235619843326731,0.037467056480722766
32768.0,0.00048828125,rbf,0.4396551724137931,0.04184993462475622,0.41532001943404734,0.03977098619614175
32768.0,0.0009765625,rbf,0.4396551724137931,0.02772238827428356,0.43644507118995496,0.03763846528268608
32768.0,0.001953125,rbf,0.4482758620689655,0.05808141560583071,0.4388910636535276,0.09503937676375837
32768.0,0.00390625,rbf,0.456896551724138,0.04958244272263587,0.4475311942930686,0.08202826296568798
32768.0,0.0078125,rbf,0.4094827586206897,0.035280718699686284,0.3793629120387034,0.04640738435412255
32768.0,0.015625,rbf,0.3836206896551724,0.04346221390806442,0.3759545354399363,0.04458652001060938
32768.0,0.03125,rbf,0.3922413793103448,0.028227095838008268,0.37516185022695103,0.03151272285875649
32768.0,0.0625,rbf,0.3706896551724138,0.07486059212975002,0.36637290342718976,0.0795050746986206
32768.0,0.125,rbf,0.2844827586206897,0.050052330881729536,0.27257217984429843,0.04386654108659795
32768.0,0.25,rbf,0.3189655172413793,0.08936102021310521,0.311750855479382,0.08881058278329616
32768.0,0.5,rbf,0.30603448275862066,0.0721919597733934,0.29888014269753355,0.06765367973537062
32768.0,1.0,rbf,0.3017241379310345,0.05658616451040074,0.29929056320090003,0.05345595730408364
32768.0,2.0,rbf,0.3189655172413793,0.05008734331785928,0.3221990413929565,0.04828497785018434
32768.0,4.0,rbf,0.30603448275862066,0.0360564977521237,0.3013971168575793,0.03876102350342868
32768.0,8.0,rbf,0.2974137931034483,0.061601854314640075,0.2867858459565847,0.0581943006638083
32768.0,16.0,rbf,0.27586206896551724,0.040519540413516034,0.2514817675263514,0.028489033869421494
32768.0,32.0,rbf,0.2327586206896552,0.03933055488874605,0.14965970889858393,0.03327989100944802
32768.0,64.0,rbf,0.2413793103448276,0.044014893786195115,0.1538567886402869,0.04413342539129237
32768.0,128.0,rbf,0.2413793103448276,0.05053077511585748,0.1616680136747674,0.10767571100618434
32768.0,256.0,rbf,0.2413793103448276,0.05053077511585748,0.04998668212314927,0.0651421050315883
32768.0,512.0,rbf,0.2413793103448276,0.05053077511585748,0.0585437825619818,0.07215998695905489
32768.0,1024.0,rbf,0.2413793103448276,0.05053077511585748,0.0,0.0
32768.0,2048.0,rbf,0.2413793103448276,0.05053077511585748,0.0,0.0
32768.0,4096.0,rbf,0.2413793103448276,0.05053077511585748,0.0,0.0
32768.0,8192.0,rbf,0.2413793103448276,0.05053077511585748,0.0,0.0
32768.0,16384.0,rbf,0.2413793103448276,0.05053077511585748,0.0,0.0
32768.0,32768.0,rbf,0.2413793103448276,0.05053077511585748,0.0,0.0
