nsamples,nfeatures,nclasses,n_bin_attr,geom_mean_std_ratio,attr_mean_corr,attr_skewness,attr_kurtosis,class_entropy,attr_mean_entropy,mean_mutual_info,equiv_number_attr,noise_signal_ratio
-0.14037080763975207,-0.1383258204335738,0.32040283333866765,-0.12173858299934223,-0.10364247308077704,-0.6674112770381,-0.8146157009973278,-0.1406544381276984,1.6882094930768488,0.39871092380219164,1.6643619992117273,0.7649591454054103,-0.8366143144384953
param_C,param_gamma,param_kernel,mean_test_acc,std_test_acc,mean_test_f1,std_test_f1
3.0517578125e-05,3.0517578125e-05,rbf,0.14593301435406697,0.04042626703418858,0.07110474611603076,0.14178561798897116
3.0517578125e-05,6.103515625e-05,rbf,0.14354066985645933,0.03567958872142299,0.06738768616411363,0.13437365646498778
3.0517578125e-05,0.0001220703125,rbf,0.14354066985645933,0.03567958872142299,0.06787195828576667,0.13533931383378506
3.0517578125e-05,0.000244140625,rbf,0.1423444976076555,0.033308794310471464,0.06655048456032431,0.13270424403813055
3.0517578125e-05,0.00048828125,rbf,0.1423444976076555,0.033308794310471464,0.06655048456032431,0.13270424403813055
3.0517578125e-05,0.0009765625,rbf,0.14354066985645933,0.03567958872142299,0.06826233675041564,0.136117743613557
3.0517578125e-05,0.001953125,rbf,0.14473684210526316,0.03805218540325865,0.06884635832004253,0.13728230524539675
3.0517578125e-05,0.00390625,rbf,0.14473684210526316,0.03805218540325865,0.069439388423735,0.13846483024310774
3.0517578125e-05,0.0078125,rbf,0.1423444976076555,0.033308794310471464,0.06687400318979267,0.13334935271674486
3.0517578125e-05,0.015625,rbf,0.13995215311004786,0.028574406411271725,0.06367595246847871,0.12697231570234302
3.0517578125e-05,0.03125,rbf,0.12679425837320574,0.0043213186885323355,0.021671826625387,0.04321446174656368
3.0517578125e-05,0.0625,rbf,0.12679425837320574,0.0043213186885323355,0.02144249512670566,0.042757165855065664
3.0517578125e-05,0.125,rbf,0.12679425837320574,0.0043213186885323355,0.0,0.0
3.0517578125e-05,0.25,rbf,0.12679425837320574,0.0043213186885323355,0.0,0.0
3.0517578125e-05,0.5,rbf,0.12679425837320574,0.0043213186885323355,0.0,0.0
3.0517578125e-05,1.0,rbf,0.12679425837320574,0.0043213186885323355,0.0,0.0
3.0517578125e-05,2.0,rbf,0.12679425837320574,0.0043213186885323355,0.0,0.0
3.0517578125e-05,4.0,rbf,0.13995215311004786,0.028574406411271725,0.061621561004784685,0.12287577954713615
3.0517578125e-05,8.0,rbf,0.1375598086124402,0.023854382909261437,0.06201014584654409,0.12365063277339047
3.0517578125e-05,16.0,rbf,0.13157894736842105,0.012226706820331536,0.040949811666497,0.08165551064891936
3.0517578125e-05,32.0,rbf,0.13157894736842105,0.012226706820331536,0.0,0.0
3.0517578125e-05,64.0,rbf,0.13157894736842105,0.012226706820331536,0.0,0.0
3.0517578125e-05,128.0,rbf,0.13157894736842105,0.012226706820331536,0.0,0.0
3.0517578125e-05,256.0,rbf,0.13157894736842105,0.012226706820331536,0.0,0.0
3.0517578125e-05,512.0,rbf,0.13157894736842105,0.012226706820331536,0.0,0.0
3.0517578125e-05,1024.0,rbf,0.13157894736842105,0.012226706820331536,0.0,0.0
3.0517578125e-05,2048.0,rbf,0.13157894736842105,0.012226706820331536,0.0,0.0
3.0517578125e-05,4096.0,rbf,0.13157894736842105,0.012226706820331536,0.0,0.0
3.0517578125e-05,8192.0,rbf,0.13157894736842105,0.012226706820331536,0.0,0.0
3.0517578125e-05,16384.0,rbf,0.13157894736842105,0.012226706820331536,0.0,0.0
3.0517578125e-05,32768.0,rbf,0.13157894736842105,0.012226706820331536,0.0,0.0
6.103515625e-05,3.0517578125e-05,rbf,0.14593301435406697,0.04042626703418858,0.07110474611603076,0.14178561798897116
6.103515625e-05,6.103515625e-05,rbf,0.14354066985645933,0.03567958872142299,0.06738768616411363,0.13437365646498778
6.103515625e-05,0.0001220703125,rbf,0.14354066985645933,0.03567958872142299,0.06787195828576667,0.13533931383378506
6.103515625e-05,0.000244140625,rbf,0.1423444976076555,0.033308794310471464,0.06655048456032431,0.13270424403813055
6.103515625e-05,0.00048828125,rbf,0.1423444976076555,0.033308794310471464,0.06655048456032431,0.13270424403813055
6.103515625e-05,0.0009765625,rbf,0.14354066985645933,0.03567958872142299,0.06826233675041564,0.136117743613557
6.103515625e-05,0.001953125,rbf,0.14473684210526316,0.03805218540325865,0.06884635832004253,0.13728230524539675
6.103515625e-05,0.00390625,rbf,0.14473684210526316,0.03805218540325865,0.069439388423735,0.13846483024310774
6.103515625e-05,0.0078125,rbf,0.1423444976076555,0.033308794310471464,0.06687400318979267,0.13334935271674486
6.103515625e-05,0.015625,rbf,0.13995215311004786,0.028574406411271725,0.06367595246847871,0.12697231570234302
6.103515625e-05,0.03125,rbf,0.12679425837320574,0.0043213186885323355,0.021671826625387,0.04321446174656368
6.103515625e-05,0.0625,rbf,0.12679425837320574,0.0043213186885323355,0.02144249512670566,0.042757165855065664
6.103515625e-05,0.125,rbf,0.12679425837320574,0.0043213186885323355,0.0,0.0
6.103515625e-05,0.25,rbf,0.12679425837320574,0.0043213186885323355,0.0,0.0
6.103515625e-05,0.5,rbf,0.12679425837320574,0.0043213186885323355,0.0,0.0
6.103515625e-05,1.0,rbf,0.12679425837320574,0.0043213186885323355,0.0,0.0
6.103515625e-05,2.0,rbf,0.12679425837320574,0.0043213186885323355,0.0,0.0
6.103515625e-05,4.0,rbf,0.13995215311004786,0.028574406411271725,0.061621561004784685,0.12287577954713615
6.103515625e-05,8.0,rbf,0.1375598086124402,0.023854382909261437,0.06201014584654409,0.12365063277339047
6.103515625e-05,16.0,rbf,0.13157894736842105,0.012226706820331536,0.040949811666497,0.08165551064891936
6.103515625e-05,32.0,rbf,0.13157894736842105,0.012226706820331536,0.0,0.0
6.103515625e-05,64.0,rbf,0.13157894736842105,0.012226706820331536,0.0,0.0
6.103515625e-05,128.0,rbf,0.13157894736842105,0.012226706820331536,0.0,0.0
6.103515625e-05,256.0,rbf,0.13157894736842105,0.012226706820331536,0.0,0.0
6.103515625e-05,512.0,rbf,0.13157894736842105,0.012226706820331536,0.0,0.0
6.103515625e-05,1024.0,rbf,0.13157894736842105,0.012226706820331536,0.0,0.0
6.103515625e-05,2048.0,rbf,0.13157894736842105,0.012226706820331536,0.0,0.0
6.103515625e-05,4096.0,rbf,0.13157894736842105,0.012226706820331536,0.0,0.0
6.103515625e-05,8192.0,rbf,0.13157894736842105,0.012226706820331536,0.0,0.0
6.103515625e-05,16384.0,rbf,0.13157894736842105,0.012226706820331536,0.0,0.0
6.103515625e-05,32768.0,rbf,0.13157894736842105,0.012226706820331536,0.0,0.0
0.0001220703125,3.0517578125e-05,rbf,0.14593301435406697,0.04042626703418858,0.07110474611603076,0.14178561798897116
0.0001220703125,6.103515625e-05,rbf,0.14354066985645933,0.03567958872142299,0.06738768616411363,0.13437365646498778
0.0001220703125,0.0001220703125,rbf,0.14354066985645933,0.03567958872142299,0.06787195828576667,0.13533931383378506
0.0001220703125,0.000244140625,rbf,0.1423444976076555,0.033308794310471464,0.06655048456032431,0.13270424403813055
0.0001220703125,0.00048828125,rbf,0.1423444976076555,0.033308794310471464,0.06655048456032431,0.13270424403813055
0.0001220703125,0.0009765625,rbf,0.14354066985645933,0.03567958872142299,0.06826233675041564,0.136117743613557
0.0001220703125,0.001953125,rbf,0.14473684210526316,0.03805218540325865,0.06884635832004253,0.13728230524539675
0.0001220703125,0.00390625,rbf,0.14473684210526316,0.03805218540325865,0.069439388423735,0.13846483024310774
0.0001220703125,0.0078125,rbf,0.1423444976076555,0.033308794310471464,0.06687400318979267,0.13334935271674486
0.0001220703125,0.015625,rbf,0.13995215311004786,0.028574406411271725,0.06367595246847871,0.12697231570234302
0.0001220703125,0.03125,rbf,0.12679425837320574,0.0043213186885323355,0.021671826625387,0.04321446174656368
0.0001220703125,0.0625,rbf,0.12679425837320574,0.0043213186885323355,0.02144249512670566,0.042757165855065664
0.0001220703125,0.125,rbf,0.12679425837320574,0.0043213186885323355,0.0,0.0
0.0001220703125,0.25,rbf,0.12679425837320574,0.0043213186885323355,0.0,0.0
0.0001220703125,0.5,rbf,0.12679425837320574,0.0043213186885323355,0.0,0.0
0.0001220703125,1.0,rbf,0.12679425837320574,0.0043213186885323355,0.0,0.0
0.0001220703125,2.0,rbf,0.12679425837320574,0.0043213186885323355,0.0,0.0
0.0001220703125,4.0,rbf,0.13995215311004786,0.028574406411271725,0.061621561004784685,0.12287577954713615
0.0001220703125,8.0,rbf,0.1375598086124402,0.023854382909261437,0.06201014584654409,0.12365063277339047
0.0001220703125,16.0,rbf,0.13157894736842105,0.012226706820331536,0.040949811666497,0.08165551064891936
0.0001220703125,32.0,rbf,0.13157894736842105,0.012226706820331536,0.0,0.0
0.0001220703125,64.0,rbf,0.13157894736842105,0.012226706820331536,0.0,0.0
0.0001220703125,128.0,rbf,0.13157894736842105,0.012226706820331536,0.0,0.0
0.0001220703125,256.0,rbf,0.13157894736842105,0.012226706820331536,0.0,0.0
0.0001220703125,512.0,rbf,0.13157894736842105,0.012226706820331536,0.0,0.0
0.0001220703125,1024.0,rbf,0.13157894736842105,0.012226706820331536,0.0,0.0
0.0001220703125,2048.0,rbf,0.13157894736842105,0.012226706820331536,0.0,0.0
0.0001220703125,4096.0,rbf,0.13157894736842105,0.012226706820331536,0.0,0.0
0.0001220703125,8192.0,rbf,0.13157894736842105,0.012226706820331536,0.0,0.0
0.0001220703125,16384.0,rbf,0.13157894736842105,0.012226706820331536,0.0,0.0
0.0001220703125,32768.0,rbf,0.13157894736842105,0.012226706820331536,0.0,0.0
0.000244140625,3.0517578125e-05,rbf,0.14593301435406697,0.04042626703418858,0.07110474611603076,0.14178561798897116
0.000244140625,6.103515625e-05,rbf,0.14354066985645933,0.03567958872142299,0.06738768616411363,0.13437365646498778
0.000244140625,0.0001220703125,rbf,0.14354066985645933,0.03567958872142299,0.06787195828576667,0.13533931383378506
0.000244140625,0.000244140625,rbf,0.1423444976076555,0.033308794310471464,0.06655048456032431,0.13270424403813055
0.000244140625,0.00048828125,rbf,0.1423444976076555,0.033308794310471464,0.06655048456032431,0.13270424403813055
0.000244140625,0.0009765625,rbf,0.14354066985645933,0.03567958872142299,0.06826233675041564,0.136117743613557
0.000244140625,0.001953125,rbf,0.14473684210526316,0.03805218540325865,0.06884635832004253,0.13728230524539675
0.000244140625,0.00390625,rbf,0.14473684210526316,0.03805218540325865,0.069439388423735,0.13846483024310774
0.000244140625,0.0078125,rbf,0.1423444976076555,0.033308794310471464,0.06687400318979267,0.13334935271674486
0.000244140625,0.015625,rbf,0.13995215311004786,0.028574406411271725,0.06367595246847871,0.12697231570234302
0.000244140625,0.03125,rbf,0.12679425837320574,0.0043213186885323355,0.021671826625387,0.04321446174656368
0.000244140625,0.0625,rbf,0.12679425837320574,0.0043213186885323355,0.02144249512670566,0.042757165855065664
0.000244140625,0.125,rbf,0.12679425837320574,0.0043213186885323355,0.0,0.0
0.000244140625,0.25,rbf,0.12679425837320574,0.0043213186885323355,0.0,0.0
0.000244140625,0.5,rbf,0.12679425837320574,0.0043213186885323355,0.0,0.0
0.000244140625,1.0,rbf,0.12679425837320574,0.0043213186885323355,0.0,0.0
0.000244140625,2.0,rbf,0.12679425837320574,0.0043213186885323355,0.0,0.0
0.000244140625,4.0,rbf,0.13995215311004786,0.028574406411271725,0.061621561004784685,0.12287577954713615
0.000244140625,8.0,rbf,0.1375598086124402,0.023854382909261437,0.06201014584654409,0.12365063277339047
0.000244140625,16.0,rbf,0.13157894736842105,0.012226706820331536,0.040949811666497,0.08165551064891936
0.000244140625,32.0,rbf,0.13157894736842105,0.012226706820331536,0.0,0.0
0.000244140625,64.0,rbf,0.13157894736842105,0.012226706820331536,0.0,0.0
0.000244140625,128.0,rbf,0.13157894736842105,0.012226706820331536,0.0,0.0
0.000244140625,256.0,rbf,0.13157894736842105,0.012226706820331536,0.0,0.0
0.000244140625,512.0,rbf,0.13157894736842105,0.012226706820331536,0.0,0.0
0.000244140625,1024.0,rbf,0.13157894736842105,0.012226706820331536,0.0,0.0
0.000244140625,2048.0,rbf,0.13157894736842105,0.012226706820331536,0.0,0.0
0.000244140625,4096.0,rbf,0.13157894736842105,0.012226706820331536,0.0,0.0
0.000244140625,8192.0,rbf,0.13157894736842105,0.012226706820331536,0.0,0.0
0.000244140625,16384.0,rbf,0.13157894736842105,0.012226706820331536,0.0,0.0
0.000244140625,32768.0,rbf,0.13157894736842105,0.012226706820331536,0.0,0.0
0.00048828125,3.0517578125e-05,rbf,0.14593301435406697,0.04042626703418858,0.07110474611603076,0.14178561798897116
0.00048828125,6.103515625e-05,rbf,0.14354066985645933,0.03567958872142299,0.06738768616411363,0.13437365646498778
0.00048828125,0.0001220703125,rbf,0.14354066985645933,0.03567958872142299,0.06787195828576667,0.13533931383378506
0.00048828125,0.000244140625,rbf,0.1423444976076555,0.033308794310471464,0.06655048456032431,0.13270424403813055
0.00048828125,0.00048828125,rbf,0.1423444976076555,0.033308794310471464,0.06655048456032431,0.13270424403813055
0.00048828125,0.0009765625,rbf,0.14354066985645933,0.03567958872142299,0.06826233675041564,0.136117743613557
0.00048828125,0.001953125,rbf,0.14473684210526316,0.03805218540325865,0.06884635832004253,0.13728230524539675
0.00048828125,0.00390625,rbf,0.14473684210526316,0.03805218540325865,0.069439388423735,0.13846483024310774
0.00048828125,0.0078125,rbf,0.1423444976076555,0.033308794310471464,0.06687400318979267,0.13334935271674486
0.00048828125,0.015625,rbf,0.13995215311004786,0.028574406411271725,0.06367595246847871,0.12697231570234302
0.00048828125,0.03125,rbf,0.12679425837320574,0.0043213186885323355,0.021671826625387,0.04321446174656368
0.00048828125,0.0625,rbf,0.12679425837320574,0.0043213186885323355,0.02144249512670566,0.042757165855065664
0.00048828125,0.125,rbf,0.12679425837320574,0.0043213186885323355,0.0,0.0
0.00048828125,0.25,rbf,0.12679425837320574,0.0043213186885323355,0.0,0.0
0.00048828125,0.5,rbf,0.12679425837320574,0.0043213186885323355,0.0,0.0
0.00048828125,1.0,rbf,0.12679425837320574,0.0043213186885323355,0.0,0.0
0.00048828125,2.0,rbf,0.12679425837320574,0.0043213186885323355,0.0,0.0
0.00048828125,4.0,rbf,0.13995215311004786,0.028574406411271725,0.061621561004784685,0.12287577954713615
0.00048828125,8.0,rbf,0.1375598086124402,0.023854382909261437,0.06201014584654409,0.12365063277339047
0.00048828125,16.0,rbf,0.13157894736842105,0.012226706820331536,0.040949811666497,0.08165551064891936
0.00048828125,32.0,rbf,0.13157894736842105,0.012226706820331536,0.0,0.0
0.00048828125,64.0,rbf,0.13157894736842105,0.012226706820331536,0.0,0.0
0.00048828125,128.0,rbf,0.13157894736842105,0.012226706820331536,0.0,0.0
0.00048828125,256.0,rbf,0.13157894736842105,0.012226706820331536,0.0,0.0
0.00048828125,512.0,rbf,0.13157894736842105,0.012226706820331536,0.0,0.0
0.00048828125,1024.0,rbf,0.13157894736842105,0.012226706820331536,0.0,0.0
0.00048828125,2048.0,rbf,0.13157894736842105,0.012226706820331536,0.0,0.0
0.00048828125,4096.0,rbf,0.13157894736842105,0.012226706820331536,0.0,0.0
0.00048828125,8192.0,rbf,0.13157894736842105,0.012226706820331536,0.0,0.0
0.00048828125,16384.0,rbf,0.13157894736842105,0.012226706820331536,0.0,0.0
0.00048828125,32768.0,rbf,0.13157894736842105,0.012226706820331536,0.0,0.0
0.0009765625,3.0517578125e-05,rbf,0.14593301435406697,0.04042626703418858,0.07110474611603076,0.14178561798897116
0.0009765625,6.103515625e-05,rbf,0.14354066985645933,0.03567958872142299,0.06738768616411363,0.13437365646498778
0.0009765625,0.0001220703125,rbf,0.14354066985645933,0.03567958872142299,0.06787195828576667,0.13533931383378506
0.0009765625,0.000244140625,rbf,0.1423444976076555,0.033308794310471464,0.06655048456032431,0.13270424403813055
0.0009765625,0.00048828125,rbf,0.1423444976076555,0.033308794310471464,0.06655048456032431,0.13270424403813055
0.0009765625,0.0009765625,rbf,0.14354066985645933,0.03567958872142299,0.06826233675041564,0.136117743613557
0.0009765625,0.001953125,rbf,0.14473684210526316,0.03805218540325865,0.06884635832004253,0.13728230524539675
0.0009765625,0.00390625,rbf,0.14473684210526316,0.03805218540325865,0.069439388423735,0.13846483024310774
0.0009765625,0.0078125,rbf,0.1423444976076555,0.033308794310471464,0.06687400318979267,0.13334935271674486
0.0009765625,0.015625,rbf,0.13995215311004786,0.028574406411271725,0.06367595246847871,0.12697231570234302
0.0009765625,0.03125,rbf,0.12679425837320574,0.0043213186885323355,0.021671826625387,0.04321446174656368
0.0009765625,0.0625,rbf,0.12679425837320574,0.0043213186885323355,0.02144249512670566,0.042757165855065664
0.0009765625,0.125,rbf,0.12679425837320574,0.0043213186885323355,0.0,0.0
0.0009765625,0.25,rbf,0.12679425837320574,0.0043213186885323355,0.0,0.0
0.0009765625,0.5,rbf,0.12679425837320574,0.0043213186885323355,0.0,0.0
0.0009765625,1.0,rbf,0.12679425837320574,0.0043213186885323355,0.0,0.0
0.0009765625,2.0,rbf,0.12679425837320574,0.0043213186885323355,0.0,0.0
0.0009765625,4.0,rbf,0.13995215311004786,0.028574406411271725,0.061621561004784685,0.12287577954713615
0.0009765625,8.0,rbf,0.1375598086124402,0.023854382909261437,0.06201014584654409,0.12365063277339047
0.0009765625,16.0,rbf,0.13157894736842105,0.012226706820331536,0.040949811666497,0.08165551064891936
0.0009765625,32.0,rbf,0.13157894736842105,0.012226706820331536,0.0,0.0
0.0009765625,64.0,rbf,0.13157894736842105,0.012226706820331536,0.0,0.0
0.0009765625,128.0,rbf,0.13157894736842105,0.012226706820331536,0.0,0.0
0.0009765625,256.0,rbf,0.13157894736842105,0.012226706820331536,0.0,0.0
0.0009765625,512.0,rbf,0.13157894736842105,0.012226706820331536,0.0,0.0
0.0009765625,1024.0,rbf,0.13157894736842105,0.012226706820331536,0.0,0.0
0.0009765625,2048.0,rbf,0.13157894736842105,0.012226706820331536,0.0,0.0
0.0009765625,4096.0,rbf,0.13157894736842105,0.012226706820331536,0.0,0.0
0.0009765625,8192.0,rbf,0.13157894736842105,0.012226706820331536,0.0,0.0
0.0009765625,16384.0,rbf,0.13157894736842105,0.012226706820331536,0.0,0.0
0.0009765625,32768.0,rbf,0.13157894736842105,0.012226706820331536,0.0,0.0
0.001953125,3.0517578125e-05,rbf,0.14593301435406697,0.04042626703418858,0.07110474611603076,0.14178561798897116
0.001953125,6.103515625e-05,rbf,0.14354066985645933,0.03567958872142299,0.06738768616411363,0.13437365646498778
0.001953125,0.0001220703125,rbf,0.14354066985645933,0.03567958872142299,0.06787195828576667,0.13533931383378506
0.001953125,0.000244140625,rbf,0.1423444976076555,0.033308794310471464,0.06655048456032431,0.13270424403813055
0.001953125,0.00048828125,rbf,0.1423444976076555,0.033308794310471464,0.06655048456032431,0.13270424403813055
0.001953125,0.0009765625,rbf,0.14354066985645933,0.03567958872142299,0.06826233675041564,0.136117743613557
0.001953125,0.001953125,rbf,0.14473684210526316,0.03805218540325865,0.06884635832004253,0.13728230524539675
0.001953125,0.00390625,rbf,0.14473684210526316,0.03805218540325865,0.069439388423735,0.13846483024310774
0.001953125,0.0078125,rbf,0.1423444976076555,0.033308794310471464,0.06687400318979267,0.13334935271674486
0.001953125,0.015625,rbf,0.13995215311004786,0.028574406411271725,0.06367595246847871,0.12697231570234302
0.001953125,0.03125,rbf,0.12679425837320574,0.0043213186885323355,0.021671826625387,0.04321446174656368
0.001953125,0.0625,rbf,0.12679425837320574,0.0043213186885323355,0.02144249512670566,0.042757165855065664
0.001953125,0.125,rbf,0.12679425837320574,0.0043213186885323355,0.0,0.0
0.001953125,0.25,rbf,0.12679425837320574,0.0043213186885323355,0.0,0.0
0.001953125,0.5,rbf,0.12679425837320574,0.0043213186885323355,0.0,0.0
0.001953125,1.0,rbf,0.12679425837320574,0.0043213186885323355,0.0,0.0
0.001953125,2.0,rbf,0.12679425837320574,0.0043213186885323355,0.0,0.0
0.001953125,4.0,rbf,0.12679425837320574,0.0043213186885323355,0.0,0.0
0.001953125,8.0,rbf,0.1375598086124402,0.023854382909261437,0.06201014584654409,0.12365063277339047
0.001953125,16.0,rbf,0.13157894736842105,0.012226706820331536,0.040949811666497,0.08165551064891936
0.001953125,32.0,rbf,0.13157894736842105,0.012226706820331536,0.0,0.0
0.001953125,64.0,rbf,0.13157894736842105,0.012226706820331536,0.0,0.0
0.001953125,128.0,rbf,0.13157894736842105,0.012226706820331536,0.0,0.0
0.001953125,256.0,rbf,0.13157894736842105,0.012226706820331536,0.0,0.0
0.001953125,512.0,rbf,0.13157894736842105,0.012226706820331536,0.0,0.0
0.001953125,1024.0,rbf,0.13157894736842105,0.012226706820331536,0.0,0.0
0.001953125,2048.0,rbf,0.13157894736842105,0.012226706820331536,0.0,0.0
0.001953125,4096.0,rbf,0.13157894736842105,0.012226706820331536,0.0,0.0
0.001953125,8192.0,rbf,0.13157894736842105,0.012226706820331536,0.0,0.0
0.001953125,16384.0,rbf,0.13157894736842105,0.012226706820331536,0.0,0.0
0.001953125,32768.0,rbf,0.13157894736842105,0.012226706820331536,0.0,0.0
0.00390625,3.0517578125e-05,rbf,0.14593301435406697,0.04042626703418858,0.07110474611603076,0.14178561798897116
0.00390625,6.103515625e-05,rbf,0.14354066985645933,0.03567958872142299,0.06738768616411363,0.13437365646498778
0.00390625,0.0001220703125,rbf,0.14354066985645933,0.03567958872142299,0.06787195828576667,0.13533931383378506
0.00390625,0.000244140625,rbf,0.1423444976076555,0.033308794310471464,0.06655048456032431,0.13270424403813055
0.00390625,0.00048828125,rbf,0.1423444976076555,0.033308794310471464,0.06655048456032431,0.13270424403813055
0.00390625,0.0009765625,rbf,0.14354066985645933,0.03567958872142299,0.06826233675041564,0.136117743613557
0.00390625,0.001953125,rbf,0.14473684210526316,0.03805218540325865,0.06884635832004253,0.13728230524539675
0.00390625,0.00390625,rbf,0.14473684210526316,0.03805218540325865,0.069439388423735,0.13846483024310774
0.00390625,0.0078125,rbf,0.1423444976076555,0.033308794310471464,0.06687400318979267,0.13334935271674486
0.00390625,0.015625,rbf,0.13995215311004786,0.028574406411271725,0.06367595246847871,0.12697231570234302
0.00390625,0.03125,rbf,0.12679425837320574,0.0043213186885323355,0.021671826625387,0.04321446174656368
0.00390625,0.0625,rbf,0.12679425837320574,0.0043213186885323355,0.02144249512670566,0.042757165855065664
0.00390625,0.125,rbf,0.12679425837320574,0.0043213186885323355,0.0,0.0
0.00390625,0.25,rbf,0.12679425837320574,0.0043213186885323355,0.0,0.0
0.00390625,0.5,rbf,0.12679425837320574,0.0043213186885323355,0.0,0.0
0.00390625,1.0,rbf,0.12679425837320574,0.0043213186885323355,0.0,0.0
0.00390625,2.0,rbf,0.12679425837320574,0.0043213186885323355,0.0,0.0
0.00390625,4.0,rbf,0.12679425837320574,0.0043213186885323355,0.0,0.0
0.00390625,8.0,rbf,0.1375598086124402,0.023854382909261437,0.06201014584654409,0.12365063277339047
0.00390625,16.0,rbf,0.13157894736842105,0.012226706820331536,0.040949811666497,0.08165551064891936
0.00390625,32.0,rbf,0.13157894736842105,0.012226706820331536,0.0,0.0
0.00390625,64.0,rbf,0.13157894736842105,0.012226706820331536,0.0,0.0
0.00390625,128.0,rbf,0.13157894736842105,0.012226706820331536,0.0,0.0
0.00390625,256.0,rbf,0.13157894736842105,0.012226706820331536,0.0,0.0
0.00390625,512.0,rbf,0.13157894736842105,0.012226706820331536,0.0,0.0
0.00390625,1024.0,rbf,0.13157894736842105,0.012226706820331536,0.0,0.0
0.00390625,2048.0,rbf,0.13157894736842105,0.012226706820331536,0.0,0.0
0.00390625,4096.0,rbf,0.13157894736842105,0.012226706820331536,0.0,0.0
0.00390625,8192.0,rbf,0.13157894736842105,0.012226706820331536,0.0,0.0
0.00390625,16384.0,rbf,0.13157894736842105,0.012226706820331536,0.0,0.0
0.00390625,32768.0,rbf,0.13157894736842105,0.012226706820331536,0.0,0.0
0.0078125,3.0517578125e-05,rbf,0.14593301435406697,0.04042626703418858,0.07110474611603076,0.14178561798897116
0.0078125,6.103515625e-05,rbf,0.14354066985645933,0.03567958872142299,0.06738768616411363,0.13437365646498778
0.0078125,0.0001220703125,rbf,0.14354066985645933,0.03567958872142299,0.06787195828576667,0.13533931383378506
0.0078125,0.000244140625,rbf,0.1423444976076555,0.033308794310471464,0.06655048456032431,0.13270424403813055
0.0078125,0.00048828125,rbf,0.1423444976076555,0.033308794310471464,0.06655048456032431,0.13270424403813055
0.0078125,0.0009765625,rbf,0.14354066985645933,0.03567958872142299,0.06826233675041564,0.136117743613557
0.0078125,0.001953125,rbf,0.14473684210526316,0.03805218540325865,0.06884635832004253,0.13728230524539675
0.0078125,0.00390625,rbf,0.14473684210526316,0.03805218540325865,0.069439388423735,0.13846483024310774
0.0078125,0.0078125,rbf,0.1423444976076555,0.033308794310471464,0.06687400318979267,0.13334935271674486
0.0078125,0.015625,rbf,0.13995215311004786,0.028574406411271725,0.06367595246847871,0.12697231570234302
0.0078125,0.03125,rbf,0.12679425837320574,0.0043213186885323355,0.021671826625387,0.04321446174656368
0.0078125,0.0625,rbf,0.12679425837320574,0.0043213186885323355,0.02144249512670566,0.042757165855065664
0.0078125,0.125,rbf,0.12679425837320574,0.0043213186885323355,0.0,0.0
0.0078125,0.25,rbf,0.12679425837320574,0.0043213186885323355,0.0,0.0
0.0078125,0.5,rbf,0.12679425837320574,0.0043213186885323355,0.0,0.0
0.0078125,1.0,rbf,0.12679425837320574,0.0043213186885323355,0.0,0.0
0.0078125,2.0,rbf,0.12679425837320574,0.0043213186885323355,0.0,0.0
0.0078125,4.0,rbf,0.12679425837320574,0.0043213186885323355,0.0,0.0
0.0078125,8.0,rbf,0.1375598086124402,0.023854382909261437,0.06201014584654409,0.12365063277339047
0.0078125,16.0,rbf,0.13157894736842105,0.012226706820331536,0.040949811666497,0.08165551064891936
0.0078125,32.0,rbf,0.13157894736842105,0.012226706820331536,0.0,0.0
0.0078125,64.0,rbf,0.13157894736842105,0.012226706820331536,0.0,0.0
0.0078125,128.0,rbf,0.13157894736842105,0.012226706820331536,0.0,0.0
0.0078125,256.0,rbf,0.13157894736842105,0.012226706820331536,0.0,0.0
0.0078125,512.0,rbf,0.13157894736842105,0.012226706820331536,0.0,0.0
0.0078125,1024.0,rbf,0.13157894736842105,0.012226706820331536,0.0,0.0
0.0078125,2048.0,rbf,0.13157894736842105,0.012226706820331536,0.0,0.0
0.0078125,4096.0,rbf,0.13157894736842105,0.012226706820331536,0.0,0.0
0.0078125,8192.0,rbf,0.13157894736842105,0.012226706820331536,0.0,0.0
0.0078125,16384.0,rbf,0.13157894736842105,0.012226706820331536,0.0,0.0
0.0078125,32768.0,rbf,0.13157894736842105,0.012226706820331536,0.0,0.0
0.015625,3.0517578125e-05,rbf,0.14593301435406697,0.04042626703418858,0.07110474611603076,0.14178561798897116
0.015625,6.103515625e-05,rbf,0.14354066985645933,0.03567958872142299,0.06738768616411363,0.13437365646498778
0.015625,0.0001220703125,rbf,0.14354066985645933,0.03567958872142299,0.06787195828576667,0.13533931383378506
0.015625,0.000244140625,rbf,0.1423444976076555,0.033308794310471464,0.06655048456032431,0.13270424403813055
0.015625,0.00048828125,rbf,0.1423444976076555,0.033308794310471464,0.06655048456032431,0.13270424403813055
0.015625,0.0009765625,rbf,0.14354066985645933,0.03567958872142299,0.06826233675041564,0.136117743613557
0.015625,0.001953125,rbf,0.14473684210526316,0.03805218540325865,0.06884635832004253,0.13728230524539675
0.015625,0.00390625,rbf,0.14473684210526316,0.03805218540325865,0.069439388423735,0.13846483024310774
0.015625,0.0078125,rbf,0.1423444976076555,0.033308794310471464,0.06687400318979267,0.13334935271674486
0.015625,0.015625,rbf,0.13995215311004786,0.028574406411271725,0.06367595246847871,0.12697231570234302
0.015625,0.03125,rbf,0.12679425837320574,0.0043213186885323355,0.021671826625387,0.04321446174656368
0.015625,0.0625,rbf,0.12679425837320574,0.0043213186885323355,0.02144249512670566,0.042757165855065664
0.015625,0.125,rbf,0.12679425837320574,0.0043213186885323355,0.0,0.0
0.015625,0.25,rbf,0.12679425837320574,0.0043213186885323355,0.0,0.0
0.015625,0.5,rbf,0.12679425837320574,0.0043213186885323355,0.0,0.0
0.015625,1.0,rbf,0.12679425837320574,0.0043213186885323355,0.0,0.0
0.015625,2.0,rbf,0.12679425837320574,0.0043213186885323355,0.0,0.0
0.015625,4.0,rbf,0.12679425837320574,0.0043213186885323355,0.0,0.0
0.015625,8.0,rbf,0.1375598086124402,0.023854382909261437,0.06201014584654409,0.12365063277339047
0.015625,16.0,rbf,0.13157894736842105,0.012226706820331536,0.040949811666497,0.08165551064891936
0.015625,32.0,rbf,0.13157894736842105,0.012226706820331536,0.0,0.0
0.015625,64.0,rbf,0.13157894736842105,0.012226706820331536,0.0,0.0
0.015625,128.0,rbf,0.13157894736842105,0.012226706820331536,0.0,0.0
0.015625,256.0,rbf,0.13157894736842105,0.012226706820331536,0.0,0.0
0.015625,512.0,rbf,0.13157894736842105,0.012226706820331536,0.0,0.0
0.015625,1024.0,rbf,0.13157894736842105,0.012226706820331536,0.0,0.0
0.015625,2048.0,rbf,0.13157894736842105,0.012226706820331536,0.0,0.0
0.015625,4096.0,rbf,0.13157894736842105,0.012226706820331536,0.0,0.0
0.015625,8192.0,rbf,0.13157894736842105,0.012226706820331536,0.0,0.0
0.015625,16384.0,rbf,0.13157894736842105,0.012226706820331536,0.0,0.0
0.015625,32768.0,rbf,0.13157894736842105,0.012226706820331536,0.0,0.0
0.03125,3.0517578125e-05,rbf,0.14593301435406697,0.04042626703418858,0.07110474611603076,0.14178561798897116
0.03125,6.103515625e-05,rbf,0.14354066985645933,0.03567958872142299,0.06738768616411363,0.13437365646498778
0.03125,0.0001220703125,rbf,0.14354066985645933,0.03567958872142299,0.06787195828576667,0.13533931383378506
0.03125,0.000244140625,rbf,0.1423444976076555,0.033308794310471464,0.06655048456032431,0.13270424403813055
0.03125,0.00048828125,rbf,0.1423444976076555,0.033308794310471464,0.06655048456032431,0.13270424403813055
0.03125,0.0009765625,rbf,0.14354066985645933,0.03567958872142299,0.06826233675041564,0.136117743613557
0.03125,0.001953125,rbf,0.14593301435406697,0.03752697756814851,0.1054575205658797,0.13847337635537918
0.03125,0.00390625,rbf,0.14473684210526316,0.03805218540325865,0.069439388423735,0.13846483024310774
0.03125,0.0078125,rbf,0.1423444976076555,0.033308794310471464,0.06687400318979267,0.13334935271674486
0.03125,0.015625,rbf,0.13995215311004786,0.028574406411271725,0.06367595246847871,0.12697231570234302
0.03125,0.03125,rbf,0.12679425837320574,0.0043213186885323355,0.021671826625387,0.04321446174656368
0.03125,0.0625,rbf,0.12679425837320574,0.0043213186885323355,0.02144249512670566,0.042757165855065664
0.03125,0.125,rbf,0.12679425837320574,0.0043213186885323355,0.0,0.0
0.03125,0.25,rbf,0.12679425837320574,0.0043213186885323355,0.0,0.0
0.03125,0.5,rbf,0.12679425837320574,0.0043213186885323355,0.0,0.0
0.03125,1.0,rbf,0.12679425837320574,0.0043213186885323355,0.0,0.0
0.03125,2.0,rbf,0.12679425837320574,0.0043213186885323355,0.0,0.0
0.03125,4.0,rbf,0.12679425837320574,0.0043213186885323355,0.0,0.0
0.03125,8.0,rbf,0.1375598086124402,0.023854382909261437,0.06201014584654409,0.12365063277339047
0.03125,16.0,rbf,0.13157894736842105,0.012226706820331536,0.040949811666497,0.08165551064891936
0.03125,32.0,rbf,0.13157894736842105,0.012226706820331536,0.0,0.0
0.03125,64.0,rbf,0.13157894736842105,0.012226706820331536,0.0,0.0
0.03125,128.0,rbf,0.13157894736842105,0.012226706820331536,0.0,0.0
0.03125,256.0,rbf,0.13157894736842105,0.012226706820331536,0.0,0.0
0.03125,512.0,rbf,0.13157894736842105,0.012226706820331536,0.0,0.0
0.03125,1024.0,rbf,0.13157894736842105,0.012226706820331536,0.0,0.0
0.03125,2048.0,rbf,0.13157894736842105,0.012226706820331536,0.0,0.0
0.03125,4096.0,rbf,0.13157894736842105,0.012226706820331536,0.0,0.0
0.03125,8192.0,rbf,0.13157894736842105,0.012226706820331536,0.0,0.0
0.03125,16384.0,rbf,0.13157894736842105,0.012226706820331536,0.0,0.0
0.03125,32768.0,rbf,0.13157894736842105,0.012226706820331536,0.0,0.0
0.0625,3.0517578125e-05,rbf,0.14593301435406697,0.04042626703418858,0.07110474611603076,0.14178561798897116
0.0625,6.103515625e-05,rbf,0.14354066985645933,0.03567958872142299,0.06738768616411363,0.13437365646498778
0.0625,0.0001220703125,rbf,0.14354066985645933,0.03567958872142299,0.06787195828576667,0.13533931383378506
0.0625,0.000244140625,rbf,0.1423444976076555,0.033308794310471464,0.06655048456032431,0.13270424403813055
0.0625,0.00048828125,rbf,0.16148325358851676,0.02820550284859688,0.2335167643688181,0.12343649220303593
0.0625,0.0009765625,rbf,0.18181818181818185,0.032841278515915694,0.2770280331102208,0.08212360781691151
0.0625,0.001953125,rbf,0.1854066985645933,0.04242184895308064,0.2518565071828301,0.09188004634395623
0.0625,0.00390625,rbf,0.17464114832535885,0.039141502210562375,0.25119487569850296,0.128531220902743
0.0625,0.0078125,rbf,0.1423444976076555,0.033308794310471464,0.06687400318979267,0.13334935271674486
0.0625,0.015625,rbf,0.13995215311004786,0.028574406411271725,0.06367595246847871,0.12697231570234302
0.0625,0.03125,rbf,0.12679425837320574,0.0043213186885323355,0.021671826625387,0.04321446174656368
0.0625,0.0625,rbf,0.12679425837320574,0.0043213186885323355,0.02144249512670566,0.042757165855065664
0.0625,0.125,rbf,0.12679425837320574,0.0043213186885323355,0.0,0.0
0.0625,0.25,rbf,0.12679425837320574,0.0043213186885323355,0.0,0.0
0.0625,0.5,rbf,0.12679425837320574,0.0043213186885323355,0.0,0.0
0.0625,1.0,rbf,0.12679425837320574,0.0043213186885323355,0.0,0.0
0.0625,2.0,rbf,0.12679425837320574,0.0043213186885323355,0.0,0.0
0.0625,4.0,rbf,0.12679425837320574,0.0043213186885323355,0.0,0.0
0.0625,8.0,rbf,0.1375598086124402,0.023854382909261437,0.061534853175720036,0.12270288077736413
0.0625,16.0,rbf,0.13277511961722488,0.014513553151783798,0.04699679814929677,0.09371343592490064
0.0625,32.0,rbf,0.13157894736842105,0.012226706820331536,0.0,0.0
0.0625,64.0,rbf,0.13157894736842105,0.012226706820331536,0.0,0.0
0.0625,128.0,rbf,0.13157894736842105,0.012226706820331536,0.0,0.0
0.0625,256.0,rbf,0.13157894736842105,0.012226706820331536,0.0,0.0
0.0625,512.0,rbf,0.13157894736842105,0.012226706820331536,0.0,0.0
0.0625,1024.0,rbf,0.13157894736842105,0.012226706820331536,0.0,0.0
0.0625,2048.0,rbf,0.13157894736842105,0.012226706820331536,0.0,0.0
0.0625,4096.0,rbf,0.13157894736842105,0.012226706820331536,0.0,0.0
0.0625,8192.0,rbf,0.13157894736842105,0.012226706820331536,0.0,0.0
0.0625,16384.0,rbf,0.13157894736842105,0.012226706820331536,0.0,0.0
0.0625,32768.0,rbf,0.13157894736842105,0.012226706820331536,0.0,0.0
0.125,3.0517578125e-05,rbf,0.14593301435406697,0.04042626703418858,0.07110474611603076,0.14178561798897116
0.125,6.103515625e-05,rbf,0.14354066985645933,0.03567958872142299,0.06738768616411363,0.13437365646498778
0.125,0.0001220703125,rbf,0.14354066985645933,0.03567958872142299,0.10248107107479862,0.13570957409650938
0.125,0.000244140625,rbf,0.16985645933014354,0.027649448415242816,0.24489298752428126,0.13255567631094498
0.125,0.00048828125,rbf,0.18660287081339716,0.03566329886638035,0.2261405640265132,0.07418437333218524
0.125,0.0009765625,rbf,0.22607655502392346,0.025364698614862638,0.25554722622656656,0.03194471306758142
0.125,0.001953125,rbf,0.2368421052631579,0.03510770949721154,0.26220041225876844,0.039942061492365885
0.125,0.00390625,rbf,0.22129186602870807,0.01942206948497496,0.28888810654425456,0.0705310508146254
0.125,0.0078125,rbf,0.16148325358851676,0.0332350730742382,0.18197935890708866,0.11167349186554992
0.125,0.015625,rbf,0.13995215311004786,0.028574406411271725,0.06367595246847871,0.12697231570234302
0.125,0.03125,rbf,0.12679425837320574,0.0043213186885323355,0.021671826625387,0.04321446174656368
0.125,0.0625,rbf,0.12679425837320574,0.0043213186885323355,0.02144249512670566,0.042757165855065664
0.125,0.125,rbf,0.12679425837320574,0.0043213186885323355,0.0,0.0
0.125,0.25,rbf,0.12679425837320574,0.0043213186885323355,0.0,0.0
0.125,0.5,rbf,0.12679425837320574,0.0043213186885323355,0.0,0.0
0.125,1.0,rbf,0.12679425837320574,0.0043213186885323355,0.0,0.0
0.125,2.0,rbf,0.12679425837320574,0.0043213186885323355,0.0,0.0
0.125,4.0,rbf,0.12679425837320574,0.0043213186885323355,0.0,0.0
0.125,8.0,rbf,0.1375598086124402,0.023854382909261437,0.0610866989236694,0.12180924383957525
0.125,16.0,rbf,0.13277511961722488,0.014513553151783798,0.04699679814929677,0.09371343592490064
0.125,32.0,rbf,0.13157894736842105,0.012226706820331536,0.0,0.0
0.125,64.0,rbf,0.13157894736842105,0.012226706820331536,0.0,0.0
0.125,128.0,rbf,0.13157894736842105,0.012226706820331536,0.0,0.0
0.125,256.0,rbf,0.13157894736842105,0.012226706820331536,0.0,0.0
0.125,512.0,rbf,0.13157894736842105,0.012226706820331536,0.0,0.0
0.125,1024.0,rbf,0.13157894736842105,0.012226706820331536,0.0,0.0
0.125,2048.0,rbf,0.13157894736842105,0.012226706820331536,0.0,0.0
0.125,4096.0,rbf,0.13157894736842105,0.012226706820331536,0.0,0.0
0.125,8192.0,rbf,0.13157894736842105,0.012226706820331536,0.0,0.0
0.125,16384.0,rbf,0.13157894736842105,0.012226706820331536,0.0,0.0
0.125,32768.0,rbf,0.13157894736842105,0.012226706820331536,0.0,0.0
0.25,3.0517578125e-05,rbf,0.14593301435406697,0.04042626703418858,0.07110474611603076,0.14178561798897116
0.25,6.103515625e-05,rbf,0.14354066985645933,0.03567958872142299,0.10128648274233604,0.13450260691788998
0.25,0.0001220703125,rbf,0.17583732057416268,0.03236258580981465,0.2633441610935152,0.09255350649803927
0.25,0.000244140625,rbf,0.2129186602870813,0.022347916405322646,0.29346495472873724,0.047095683302195636
0.25,0.00048828125,rbf,0.2583732057416268,0.02422156425870796,0.2711063717917097,0.018432608338323216
0.25,0.0009765625,rbf,0.28468899521531105,0.02771350696658496,0.28482676277246194,0.029696269158700807
0.25,0.001953125,rbf,0.2930622009569378,0.02638741597579771,0.281148630419654,0.026055243155254145
0.25,0.00390625,rbf,0.2667464114832536,0.030991196194233007,0.25297705788913755,0.02235746300425001
0.25,0.0078125,rbf,0.21770334928229665,0.027112149166967685,0.2417234496852724,0.07490751175032093
0.25,0.015625,rbf,0.15311004784688995,0.031420079163715336,0.1922694253389847,0.12747094202169662
0.25,0.03125,rbf,0.12679425837320574,0.0043213186885323355,0.021671826625387,0.04321446174656368
0.25,0.0625,rbf,0.12679425837320574,0.0043213186885323355,0.02144249512670566,0.042757165855065664
0.25,0.125,rbf,0.12679425837320574,0.0043213186885323355,0.0,0.0
0.25,0.25,rbf,0.12679425837320574,0.0043213186885323355,0.0,0.0
0.25,0.5,rbf,0.12679425837320574,0.0043213186885323355,0.0,0.0
0.25,1.0,rbf,0.12679425837320574,0.0043213186885323355,0.0,0.0
0.25,2.0,rbf,0.12679425837320574,0.0043213186885323355,0.0,0.0
0.25,4.0,rbf,0.12679425837320574,0.0043213186885323355,0.0,0.0
0.25,8.0,rbf,0.1375598086124402,0.023854382909261437,0.0610866989236694,0.12180924383957525
0.25,16.0,rbf,0.13277511961722488,0.014513553151783798,0.04699679814929677,0.09371343592490064
0.25,32.0,rbf,0.13157894736842105,0.012226706820331536,0.0,0.0
0.25,64.0,rbf,0.13157894736842105,0.012226706820331536,0.0,0.0
0.25,128.0,rbf,0.13157894736842105,0.012226706820331536,0.0,0.0
0.25,256.0,rbf,0.13157894736842105,0.012226706820331536,0.0,0.0
0.25,512.0,rbf,0.13157894736842105,0.012226706820331536,0.0,0.0
0.25,1024.0,rbf,0.13157894736842105,0.012226706820331536,0.0,0.0
0.25,2048.0,rbf,0.13157894736842105,0.012226706820331536,0.0,0.0
0.25,4096.0,rbf,0.13157894736842105,0.012226706820331536,0.0,0.0
0.25,8192.0,rbf,0.13157894736842105,0.012226706820331536,0.0,0.0
0.25,16384.0,rbf,0.13157894736842105,0.012226706820331536,0.0,0.0
0.25,32768.0,rbf,0.13157894736842105,0.012226706820331536,0.0,0.0
0.5,3.0517578125e-05,rbf,0.14832535885167464,0.039504860170018495,0.11736798510719125,0.1486541454581494
0.5,6.103515625e-05,rbf,0.17942583732057416,0.032864070187754287,0.274110851568571,0.07790998520235794
0.5,0.0001220703125,rbf,0.222488038277512,0.0269061186696386,0.2797946693912045,0.04567619297021097
0.5,0.000244140625,rbf,0.2751196172248804,0.030237666293049838,0.28766720593473105,0.0470467585425471
0.5,0.00048828125,rbf,0.3050239234449761,0.02466882064421496,0.2972975275184422,0.015829047981697184
0.5,0.0009765625,rbf,0.3086124401913876,0.02792019182887593,0.2845320533422589,0.03010305159980028
0.5,0.001953125,rbf,0.3062200956937799,0.020061148076705584,0.2807459818124482,0.024980133428695067
0.5,0.00390625,rbf,0.3026315789473684,0.05191112321878605,0.2742263773805779,0.05359503333874035
0.5,0.0078125,rbf,0.2834928229665072,0.03641312612599421,0.2581183788554203,0.03211584956019825
0.5,0.015625,rbf,0.1901913875598086,0.02367492991754976,0.1856740928406017,0.03417041547030929
0.5,0.03125,rbf,0.1303827751196172,0.006819919017331557,0.09057173858254303,0.08735559903741108
0.5,0.0625,rbf,0.12679425837320574,0.0043213186885323355,0.02144249512670566,0.042757165855065664
0.5,0.125,rbf,0.12679425837320574,0.0043213186885323355,0.0,0.0
0.5,0.25,rbf,0.12679425837320574,0.0043213186885323355,0.0,0.0
0.5,0.5,rbf,0.12679425837320574,0.0043213186885323355,0.0,0.0
0.5,1.0,rbf,0.12679425837320574,0.0043213186885323355,0.0,0.0
0.5,2.0,rbf,0.12679425837320574,0.0043213186885323355,0.0,0.0
0.5,4.0,rbf,0.12679425837320574,0.0043213186885323355,0.0,0.0
0.5,8.0,rbf,0.1375598086124402,0.023854382909261437,0.0610866989236694,0.12180924383957525
0.5,16.0,rbf,0.13277511961722488,0.014513553151783798,0.04699679814929677,0.09371343592490064
0.5,32.0,rbf,0.13157894736842105,0.012226706820331536,0.0,0.0
0.5,64.0,rbf,0.13157894736842105,0.012226706820331536,0.0,0.0
0.5,128.0,rbf,0.13157894736842105,0.012226706820331536,0.0,0.0
0.5,256.0,rbf,0.13157894736842105,0.012226706820331536,0.0,0.0
0.5,512.0,rbf,0.13157894736842105,0.012226706820331536,0.0,0.0
0.5,1024.0,rbf,0.13157894736842105,0.012226706820331536,0.0,0.0
0.5,2048.0,rbf,0.13157894736842105,0.012226706820331536,0.0,0.0
0.5,4096.0,rbf,0.13157894736842105,0.012226706820331536,0.0,0.0
0.5,8192.0,rbf,0.13157894736842105,0.012226706820331536,0.0,0.0
0.5,16384.0,rbf,0.13157894736842105,0.012226706820331536,0.0,0.0
0.5,32768.0,rbf,0.13157894736842105,0.012226706820331536,0.0,0.0
1.0,3.0517578125e-05,rbf,0.1854066985645933,0.037489915760277014,0.2341577836511605,0.060913703097986126
1.0,6.103515625e-05,rbf,0.2248803827751196,0.029999850777903923,0.2690712621384559,0.0464274725949498
1.0,0.0001220703125,rbf,0.27392344497607657,0.03711242834746652,0.28323364031922665,0.05763637427014611
1.0,0.000244140625,rbf,0.29186602870813394,0.022947700210289454,0.2750889065790665,0.01861868311503509
1.0,0.00048828125,rbf,0.30980861244019137,0.027025188480731408,0.29790394705916645,0.03248198843059042
1.0,0.0009765625,rbf,0.32057416267942584,0.03040021280030503,0.29165132424158785,0.04214730391275217
1.0,0.001953125,rbf,0.31220095693779903,0.030875419567558474,0.28668982437785423,0.04422607810814416
1.0,0.00390625,rbf,0.3014354066985646,0.025711811089098504,0.2840010386629584,0.03251483597624996
1.0,0.0078125,rbf,0.2906698564593301,0.029228711277217014,0.27695133287917256,0.039770575327680566
1.0,0.015625,rbf,0.2583732057416268,0.026196944965742187,0.24470606496307296,0.037195349211408914
1.0,0.03125,rbf,0.21531100478468898,0.013002192333428059,0.1787486361337305,0.02358129198515312
1.0,0.0625,rbf,0.1555023923444976,0.009278491161074466,0.1304969857004907,0.036651473403112304
1.0,0.125,rbf,0.1303827751196172,0.0070896537369456595,0.0908085361039589,0.05186601912064122
1.0,0.25,rbf,0.12799043062200954,0.0046801568465663895,0.04801032086509148,0.059299564794984126
1.0,0.5,rbf,0.12679425837320574,0.0043213186885323355,0.0,0.0
1.0,1.0,rbf,0.12679425837320574,0.0043213186885323355,0.0,0.0
1.0,2.0,rbf,0.12679425837320574,0.0043213186885323355,0.0,0.0
1.0,4.0,rbf,0.12679425837320574,0.0043213186885323355,0.0,0.0
1.0,8.0,rbf,0.12679425837320574,0.0043213186885323355,0.0,0.0
1.0,16.0,rbf,0.13277511961722488,0.014513553151783798,0.04699679814929677,0.09371343592490064
1.0,32.0,rbf,0.13157894736842105,0.012226706820331536,0.0,0.0
1.0,64.0,rbf,0.13157894736842105,0.012226706820331536,0.0,0.0
1.0,128.0,rbf,0.13157894736842105,0.012226706820331536,0.0,0.0
1.0,256.0,rbf,0.13157894736842105,0.012226706820331536,0.0,0.0
1.0,512.0,rbf,0.13157894736842105,0.012226706820331536,0.0,0.0
1.0,1024.0,rbf,0.13157894736842105,0.012226706820331536,0.0,0.0
1.0,2048.0,rbf,0.13157894736842105,0.012226706820331536,0.0,0.0
1.0,4096.0,rbf,0.13157894736842105,0.012226706820331536,0.0,0.0
1.0,8192.0,rbf,0.13157894736842105,0.012226706820331536,0.0,0.0
1.0,16384.0,rbf,0.13157894736842105,0.012226706820331536,0.0,0.0
1.0,32768.0,rbf,0.13157894736842105,0.012226706820331536,0.0,0.0
2.0,3.0517578125e-05,rbf,0.2272727272727273,0.03257387800472413,0.2745165840338925,0.050721531424666316
2.0,6.103515625e-05,rbf,0.2799043062200957,0.035494707892670604,0.2932044146006013,0.0570094107781551
2.0,0.0001220703125,rbf,0.29784688995215314,0.02232432584079741,0.2833944796878898,0.01847890616983889
2.0,0.000244140625,rbf,0.3086124401913876,0.02423153395272581,0.2775166760562452,0.027192959258879854
2.0,0.00048828125,rbf,0.3181818181818182,0.023993077717203482,0.28863013459812786,0.03209094656822792
2.0,0.0009765625,rbf,0.3169856459330144,0.025592581053450143,0.28881130512810965,0.03591797982039363
2.0,0.001953125,rbf,0.3074162679425837,0.03045828572429372,0.2882168153243619,0.04266211755229013
2.0,0.00390625,rbf,0.3050239234449761,0.038737660147351145,0.2936423196560249,0.046365466413229486
2.0,0.0078125,rbf,0.2799043062200957,0.0295480634263204,0.2750914916267588,0.032762160415504
2.0,0.015625,rbf,0.2535885167464115,0.028298669793893463,0.24485921591378265,0.03392837302963088
2.0,0.03125,rbf,0.2284688995215311,0.02690275973567464,0.20591792804061612,0.034904773598202044
2.0,0.0625,rbf,0.16626794258373204,0.010037143416507209,0.11746289288789218,0.013586438173903016
2.0,0.125,rbf,0.13636363636363635,0.0044464693603167614,0.1330618295299984,0.04451103384804051
2.0,0.25,rbf,0.12799043062200954,0.0046801568465663895,0.04801032086509148,0.059299564794984126
2.0,0.5,rbf,0.12799043062200954,0.0046801568465663895,0.04801032086509148,0.059299564794984126
2.0,1.0,rbf,0.12679425837320574,0.0043213186885323355,0.0,0.0
2.0,2.0,rbf,0.12679425837320574,0.0043213186885323355,0.0,0.0
2.0,4.0,rbf,0.12679425837320574,0.0043213186885323355,0.0,0.0
2.0,8.0,rbf,0.12679425837320574,0.0043213186885323355,0.0,0.0
2.0,16.0,rbf,0.13277511961722488,0.014513553151783798,0.04699679814929677,0.09371343592490064
2.0,32.0,rbf,0.13157894736842105,0.012226706820331536,0.0,0.0
2.0,64.0,rbf,0.13157894736842105,0.012226706820331536,0.0,0.0
2.0,128.0,rbf,0.13157894736842105,0.012226706820331536,0.0,0.0
2.0,256.0,rbf,0.13157894736842105,0.012226706820331536,0.0,0.0
2.0,512.0,rbf,0.13157894736842105,0.012226706820331536,0.0,0.0
2.0,1024.0,rbf,0.13157894736842105,0.012226706820331536,0.0,0.0
2.0,2048.0,rbf,0.13157894736842105,0.012226706820331536,0.0,0.0
2.0,4096.0,rbf,0.13157894736842105,0.012226706820331536,0.0,0.0
2.0,8192.0,rbf,0.13157894736842105,0.012226706820331536,0.0,0.0
2.0,16384.0,rbf,0.13157894736842105,0.012226706820331536,0.0,0.0
2.0,32768.0,rbf,0.13157894736842105,0.012226706820331536,0.0,0.0
4.0,3.0517578125e-05,rbf,0.2811004784688995,0.03739253864287018,0.2759978634317739,0.03914968251650375
4.0,6.103515625e-05,rbf,0.3014354066985646,0.02687920888230634,0.2855876324740313,0.02160186004901628
4.0,0.0001220703125,rbf,0.3133971291866029,0.02413597944951812,0.2825461063684036,0.028068864759854827
4.0,0.000244140625,rbf,0.31937799043062204,0.02007221874821152,0.29001053779678304,0.027657382927135838
4.0,0.00048828125,rbf,0.3229665071770335,0.022194699389254627,0.2944543412619046,0.02918095847573393
4.0,0.0009765625,rbf,0.3157894736842105,0.022802643412183632,0.2903048544910776,0.03227356350820355
4.0,0.001953125,rbf,0.31100478468899523,0.022404043621437598,0.29943790541739346,0.028693881777784293
4.0,0.00390625,rbf,0.3014354066985646,0.041060979188909885,0.2945598735053399,0.04460122208198728
4.0,0.0078125,rbf,0.2547846889952153,0.034007069032429386,0.2522254243625805,0.03747897245999392
4.0,0.015625,rbf,0.2535885167464115,0.0254233652693161,0.24591585330016555,0.033154736867904225
4.0,0.03125,rbf,0.2296650717703349,0.028767303900066005,0.20694806629125104,0.036513631208156684
4.0,0.0625,rbf,0.16626794258373204,0.010037143416507209,0.11746289288789218,0.013586438173903016
4.0,0.125,rbf,0.13636363636363635,0.0044464693603167614,0.1330618295299984,0.04451103384804051
4.0,0.25,rbf,0.12799043062200954,0.0046801568465663895,0.04801032086509148,0.059299564794984126
4.0,0.5,rbf,0.12799043062200954,0.0046801568465663895,0.04801032086509148,0.059299564794984126
4.0,1.0,rbf,0.12679425837320574,0.0043213186885323355,0.0,0.0
4.0,2.0,rbf,0.12679425837320574,0.0043213186885323355,0.0,0.0
4.0,4.0,rbf,0.12679425837320574,0.0043213186885323355,0.0,0.0
4.0,8.0,rbf,0.12679425837320574,0.0043213186885323355,0.0,0.0
4.0,16.0,rbf,0.13277511961722488,0.014513553151783798,0.04699679814929677,0.09371343592490064
4.0,32.0,rbf,0.13157894736842105,0.012226706820331536,0.0,0.0
4.0,64.0,rbf,0.13157894736842105,0.012226706820331536,0.0,0.0
4.0,128.0,rbf,0.13157894736842105,0.012226706820331536,0.0,0.0
4.0,256.0,rbf,0.13157894736842105,0.012226706820331536,0.0,0.0
4.0,512.0,rbf,0.13157894736842105,0.012226706820331536,0.0,0.0
4.0,1024.0,rbf,0.13157894736842105,0.012226706820331536,0.0,0.0
4.0,2048.0,rbf,0.13157894736842105,0.012226706820331536,0.0,0.0
4.0,4096.0,rbf,0.13157894736842105,0.012226706820331536,0.0,0.0
4.0,8192.0,rbf,0.13157894736842105,0.012226706820331536,0.0,0.0
4.0,16384.0,rbf,0.13157894736842105,0.012226706820331536,0.0,0.0
4.0,32768.0,rbf,0.13157894736842105,0.012226706820331536,0.0,0.0
8.0,3.0517578125e-05,rbf,0.2990430622009569,0.02634494740225804,0.28345093027366663,0.02154499828246377
8.0,6.103515625e-05,rbf,0.30980861244019137,0.020127024679207683,0.278184298324241,0.02638412213391973
8.0,0.0001220703125,rbf,0.3241626794258373,0.025441080008817837,0.2960169002910485,0.029890750932692414
8.0,0.000244140625,rbf,0.3277511961722488,0.021089378928429544,0.2991510441940541,0.026633240204106897
8.0,0.00048828125,rbf,0.3253588516746411,0.02660274871090592,0.29927392501940026,0.034938090039770414
8.0,0.0009765625,rbf,0.3313397129186603,0.0258734174516653,0.3162279361055753,0.032256805874617066
8.0,0.001953125,rbf,0.3301435406698565,0.03279375354386042,0.3207807952756757,0.04123883146061372
8.0,0.00390625,rbf,0.2906698564593301,0.04042734941360777,0.2873638591340013,0.04352210464029927
8.0,0.0078125,rbf,0.2511961722488038,0.039329666040497084,0.24811745380586314,0.04104078197850143
8.0,0.015625,rbf,0.2547846889952153,0.02515452943779857,0.2475110484070367,0.03267380561271069
8.0,0.03125,rbf,0.2296650717703349,0.028767303900066005,0.20694806629125104,0.036513631208156684
8.0,0.0625,rbf,0.16626794258373204,0.010037143416507209,0.11746289288789218,0.013586438173903016
8.0,0.125,rbf,0.13636363636363635,0.0044464693603167614,0.1330618295299984,0.04451103384804051
8.0,0.25,rbf,0.12799043062200954,0.0046801568465663895,0.04801032086509148,0.059299564794984126
8.0,0.5,rbf,0.12799043062200954,0.0046801568465663895,0.04801032086509148,0.059299564794984126
8.0,1.0,rbf,0.12679425837320574,0.0043213186885323355,0.0,0.0
8.0,2.0,rbf,0.12679425837320574,0.0043213186885323355,0.0,0.0
8.0,4.0,rbf,0.12679425837320574,0.0043213186885323355,0.0,0.0
8.0,8.0,rbf,0.12679425837320574,0.0043213186885323355,0.0,0.0
8.0,16.0,rbf,0.13277511961722488,0.014513553151783798,0.04699679814929677,0.09371343592490064
8.0,32.0,rbf,0.13157894736842105,0.012226706820331536,0.0,0.0
8.0,64.0,rbf,0.13157894736842105,0.012226706820331536,0.0,0.0
8.0,128.0,rbf,0.13157894736842105,0.012226706820331536,0.0,0.0
8.0,256.0,rbf,0.13157894736842105,0.012226706820331536,0.0,0.0
8.0,512.0,rbf,0.13157894736842105,0.012226706820331536,0.0,0.0
8.0,1024.0,rbf,0.13157894736842105,0.012226706820331536,0.0,0.0
8.0,2048.0,rbf,0.13157894736842105,0.012226706820331536,0.0,0.0
8.0,4096.0,rbf,0.13157894736842105,0.012226706820331536,0.0,0.0
8.0,8192.0,rbf,0.13157894736842105,0.012226706820331536,0.0,0.0
8.0,16384.0,rbf,0.13157894736842105,0.012226706820331536,0.0,0.0
8.0,32768.0,rbf,0.13157894736842105,0.012226706820331536,0.0,0.0
16.0,3.0517578125e-05,rbf,0.3050239234449761,0.022043864709496885,0.2733266690457738,0.02705295140277335
16.0,6.103515625e-05,rbf,0.32894736842105265,0.029571396201378386,0.3003339658299636,0.03603566762830488
16.0,0.0001220703125,rbf,0.3301435406698565,0.031164561974248293,0.3120206809783664,0.024038084007615108
16.0,0.000244140625,rbf,0.3325358851674641,0.025623640762037287,0.3107701470332012,0.03223155303463105
16.0,0.00048828125,rbf,0.3385167464114833,0.025530907593943063,0.3213977105410463,0.033090710219388066
16.0,0.0009765625,rbf,0.3444976076555024,0.02828380519898639,0.336047865328155,0.036911302375648165
16.0,0.001953125,rbf,0.33373205741626794,0.0464870526492808,0.3295344189252709,0.05482856581804033
16.0,0.00390625,rbf,0.2715311004784689,0.0430315519450834,0.2680295121756149,0.04518749621234333
16.0,0.0078125,rbf,0.25598086124401914,0.036809009494944256,0.25384703240057266,0.03851028052799781
16.0,0.015625,rbf,0.2547846889952153,0.02515452943779857,0.2475110484070367,0.03267380561271069
16.0,0.03125,rbf,0.2296650717703349,0.028767303900066005,0.20694806629125104,0.036513631208156684
16.0,0.0625,rbf,0.16626794258373204,0.010037143416507209,0.11746289288789218,0.013586438173903016
16.0,0.125,rbf,0.13636363636363635,0.0044464693603167614,0.1330618295299984,0.04451103384804051
16.0,0.25,rbf,0.12799043062200954,0.0046801568465663895,0.04801032086509148,0.059299564794984126
16.0,0.5,rbf,0.12799043062200954,0.0046801568465663895,0.04801032086509148,0.059299564794984126
16.0,1.0,rbf,0.12679425837320574,0.0043213186885323355,0.0,0.0
16.0,2.0,rbf,0.12679425837320574,0.0043213186885323355,0.0,0.0
16.0,4.0,rbf,0.12679425837320574,0.0043213186885323355,0.0,0.0
16.0,8.0,rbf,0.12679425837320574,0.0043213186885323355,0.0,0.0
16.0,16.0,rbf,0.13277511961722488,0.014513553151783798,0.04699679814929677,0.09371343592490064
16.0,32.0,rbf,0.13157894736842105,0.012226706820331536,0.0,0.0
16.0,64.0,rbf,0.13157894736842105,0.012226706820331536,0.0,0.0
16.0,128.0,rbf,0.13157894736842105,0.012226706820331536,0.0,0.0
16.0,256.0,rbf,0.13157894736842105,0.012226706820331536,0.0,0.0
16.0,512.0,rbf,0.13157894736842105,0.012226706820331536,0.0,0.0
16.0,1024.0,rbf,0.13157894736842105,0.012226706820331536,0.0,0.0
16.0,2048.0,rbf,0.13157894736842105,0.012226706820331536,0.0,0.0
16.0,4096.0,rbf,0.13157894736842105,0.012226706820331536,0.0,0.0
16.0,8192.0,rbf,0.13157894736842105,0.012226706820331536,0.0,0.0
16.0,16384.0,rbf,0.13157894736842105,0.012226706820331536,0.0,0.0
16.0,32768.0,rbf,0.13157894736842105,0.012226706820331536,0.0,0.0
32.0,3.0517578125e-05,rbf,0.32177033492822965,0.025775386506069302,0.29200762499653604,0.032149741860394696
32.0,6.103515625e-05,rbf,0.3253588516746411,0.02826788641055902,0.29769050415457743,0.030932782423418487
32.0,0.0001220703125,rbf,0.3456937799043062,0.020140520544942298,0.3201193701993534,0.025064664430291136
32.0,0.000244140625,rbf,0.3528708133971292,0.030053474471155382,0.3302956915323957,0.037511641193169784
32.0,0.00048828125,rbf,0.3684210526315789,0.026012181107695063,0.3613863737423752,0.035800124631992586
32.0,0.0009765625,rbf,0.3815789473684211,0.041617086127887136,0.3780691704382156,0.04867199034250985
32.0,0.001953125,rbf,0.3313397129186603,0.03785594020716949,0.3272933974273167,0.04523042865630656
32.0,0.00390625,rbf,0.27631578947368424,0.049570960259936465,0.2726452278905598,0.04952889793394897
32.0,0.0078125,rbf,0.25598086124401914,0.036809009494944256,0.25384703240057266,0.03851028052799781
32.0,0.015625,rbf,0.2547846889952153,0.02515452943779857,0.2475110484070367,0.03267380561271069
32.0,0.03125,rbf,0.2296650717703349,0.028767303900066005,0.20694806629125104,0.036513631208156684
32.0,0.0625,rbf,0.16626794258373204,0.010037143416507209,0.11746289288789218,0.013586438173903016
32.0,0.125,rbf,0.13636363636363635,0.0044464693603167614,0.1330618295299984,0.04451103384804051
32.0,0.25,rbf,0.12799043062200954,0.0046801568465663895,0.04801032086509148,0.059299564794984126
32.0,0.5,rbf,0.12799043062200954,0.0046801568465663895,0.04801032086509148,0.059299564794984126
32.0,1.0,rbf,0.12679425837320574,0.0043213186885323355,0.0,0.0
32.0,2.0,rbf,0.12679425837320574,0.0043213186885323355,0.0,0.0
32.0,4.0,rbf,0.12679425837320574,0.0043213186885323355,0.0,0.0
32.0,8.0,rbf,0.12679425837320574,0.0043213186885323355,0.0,0.0
32.0,16.0,rbf,0.13277511961722488,0.014513553151783798,0.04699679814929677,0.09371343592490064
32.0,32.0,rbf,0.13157894736842105,0.012226706820331536,0.0,0.0
32.0,64.0,rbf,0.13157894736842105,0.012226706820331536,0.0,0.0
32.0,128.0,rbf,0.13157894736842105,0.012226706820331536,0.0,0.0
32.0,256.0,rbf,0.13157894736842105,0.012226706820331536,0.0,0.0
32.0,512.0,rbf,0.13157894736842105,0.012226706820331536,0.0,0.0
32.0,1024.0,rbf,0.13157894736842105,0.012226706820331536,0.0,0.0
32.0,2048.0,rbf,0.13157894736842105,0.012226706820331536,0.0,0.0
32.0,4096.0,rbf,0.13157894736842105,0.012226706820331536,0.0,0.0
32.0,8192.0,rbf,0.13157894736842105,0.012226706820331536,0.0,0.0
32.0,16384.0,rbf,0.13157894736842105,0.012226706820331536,0.0,0.0
32.0,32768.0,rbf,0.13157894736842105,0.012226706820331536,0.0,0.0
64.0,3.0517578125e-05,rbf,0.326555023923445,0.024871563275519447,0.2985438223836535,0.028563042196696708
64.0,6.103515625e-05,rbf,0.3456937799043062,0.023428502499191768,0.3183099232683938,0.03005792705347284
64.0,0.0001220703125,rbf,0.36004784688995217,0.023794655609552275,0.33911290161522223,0.030288598264787824
64.0,0.000244140625,rbf,0.3815789473684211,0.04007912199966955,0.3691245793552854,0.04659079112828806
64.0,0.00048828125,rbf,0.4162679425837321,0.03150196022484208,0.41461120157793613,0.0391881023933606
64.0,0.0009765625,rbf,0.39354066985645936,0.048023026312617664,0.3896110680159337,0.053258644458928674
64.0,0.001953125,rbf,0.3444976076555024,0.04056073457891543,0.3403001428287294,0.0418036831981642
64.0,0.00390625,rbf,0.27631578947368424,0.049570960259936465,0.27228577977254753,0.049801004684216985
64.0,0.0078125,rbf,0.25598086124401914,0.036809009494944256,0.25384703240057266,0.03851028052799781
64.0,0.015625,rbf,0.2547846889952153,0.02515452943779857,0.2475110484070367,0.03267380561271069
64.0,0.03125,rbf,0.2296650717703349,0.028767303900066005,0.20694806629125104,0.036513631208156684
64.0,0.0625,rbf,0.16626794258373204,0.010037143416507209,0.11746289288789218,0.013586438173903016
64.0,0.125,rbf,0.13636363636363635,0.0044464693603167614,0.1330618295299984,0.04451103384804051
64.0,0.25,rbf,0.12799043062200954,0.0046801568465663895,0.04801032086509148,0.059299564794984126
64.0,0.5,rbf,0.12799043062200954,0.0046801568465663895,0.04801032086509148,0.059299564794984126
64.0,1.0,rbf,0.12679425837320574,0.0043213186885323355,0.0,0.0
64.0,2.0,rbf,0.12679425837320574,0.0043213186885323355,0.0,0.0
64.0,4.0,rbf,0.12679425837320574,0.0043213186885323355,0.0,0.0
64.0,8.0,rbf,0.12679425837320574,0.0043213186885323355,0.0,0.0
64.0,16.0,rbf,0.13277511961722488,0.014513553151783798,0.04699679814929677,0.09371343592490064
64.0,32.0,rbf,0.13157894736842105,0.012226706820331536,0.0,0.0
64.0,64.0,rbf,0.13157894736842105,0.012226706820331536,0.0,0.0
64.0,128.0,rbf,0.13157894736842105,0.012226706820331536,0.0,0.0
64.0,256.0,rbf,0.13157894736842105,0.012226706820331536,0.0,0.0
64.0,512.0,rbf,0.13157894736842105,0.012226706820331536,0.0,0.0
64.0,1024.0,rbf,0.13157894736842105,0.012226706820331536,0.0,0.0
64.0,2048.0,rbf,0.13157894736842105,0.012226706820331536,0.0,0.0
64.0,4096.0,rbf,0.13157894736842105,0.012226706820331536,0.0,0.0
64.0,8192.0,rbf,0.13157894736842105,0.012226706820331536,0.0,0.0
64.0,16384.0,rbf,0.13157894736842105,0.012226706820331536,0.0,0.0
64.0,32768.0,rbf,0.13157894736842105,0.012226706820331536,0.0,0.0
128.0,3.0517578125e-05,rbf,0.3385167464114833,0.02543721887024367,0.31356777812342546,0.03291768655734165
128.0,6.103515625e-05,rbf,0.3720095693779905,0.01725306144022685,0.34799292047329344,0.028099795655924825
128.0,0.0001220703125,rbf,0.4055023923444976,0.031161973015182174,0.3924037964151445,0.03763125121791823
128.0,0.000244140625,rbf,0.4437799043062201,0.031955102445115825,0.4399912828880734,0.03954957221531313
128.0,0.00048828125,rbf,0.43779904306220097,0.042795919266596164,0.4382299090656613,0.04904542053130364
128.0,0.0009765625,rbf,0.4043062200956938,0.035267624222407715,0.4014184410476331,0.04567085980605325
128.0,0.001953125,rbf,0.3349282296650718,0.04045272782535545,0.3319790036081746,0.04055925099244305
128.0,0.00390625,rbf,0.27631578947368424,0.049570960259936465,0.27228577977254753,0.049801004684216985
128.0,0.0078125,rbf,0.25598086124401914,0.036809009494944256,0.25384703240057266,0.03851028052799781
128.0,0.015625,rbf,0.2547846889952153,0.02515452943779857,0.2475110484070367,0.03267380561271069
128.0,0.03125,rbf,0.2296650717703349,0.028767303900066005,0.20694806629125104,0.036513631208156684
128.0,0.0625,rbf,0.16626794258373204,0.010037143416507209,0.11746289288789218,0.013586438173903016
128.0,0.125,rbf,0.13636363636363635,0.0044464693603167614,0.1330618295299984,0.04451103384804051
128.0,0.25,rbf,0.12799043062200954,0.0046801568465663895,0.04801032086509148,0.059299564794984126
128.0,0.5,rbf,0.12799043062200954,0.0046801568465663895,0.04801032086509148,0.059299564794984126
128.0,1.0,rbf,0.12679425837320574,0.0043213186885323355,0.0,0.0
128.0,2.0,rbf,0.12679425837320574,0.0043213186885323355,0.0,0.0
128.0,4.0,rbf,0.12679425837320574,0.0043213186885323355,0.0,0.0
128.0,8.0,rbf,0.12679425837320574,0.0043213186885323355,0.0,0.0
128.0,16.0,rbf,0.13277511961722488,0.014513553151783798,0.04699679814929677,0.09371343592490064
128.0,32.0,rbf,0.13157894736842105,0.012226706820331536,0.0,0.0
128.0,64.0,rbf,0.13157894736842105,0.012226706820331536,0.0,0.0
128.0,128.0,rbf,0.13157894736842105,0.012226706820331536,0.0,0.0
128.0,256.0,rbf,0.13157894736842105,0.012226706820331536,0.0,0.0
128.0,512.0,rbf,0.13157894736842105,0.012226706820331536,0.0,0.0
128.0,1024.0,rbf,0.13157894736842105,0.012226706820331536,0.0,0.0
128.0,2048.0,rbf,0.13157894736842105,0.012226706820331536,0.0,0.0
128.0,4096.0,rbf,0.13157894736842105,0.012226706820331536,0.0,0.0
128.0,8192.0,rbf,0.13157894736842105,0.012226706820331536,0.0,0.0
128.0,16384.0,rbf,0.13157894736842105,0.012226706820331536,0.0,0.0
128.0,32768.0,rbf,0.13157894736842105,0.012226706820331536,0.0,0.0
256.0,3.0517578125e-05,rbf,0.3779904306220096,0.01567604846587264,0.35567895385007153,0.023039060072811653
256.0,6.103515625e-05,rbf,0.43062200956937796,0.02657844465398472,0.4187264278021917,0.03143246735396075
256.0,0.0001220703125,rbf,0.4497607655502393,0.03433797842583405,0.4415970714020589,0.04318795425594685
256.0,0.000244140625,rbf,0.4880382775119617,0.04140123717754547,0.4875318132213444,0.04335211085872399
256.0,0.00048828125,rbf,0.4485645933014354,0.042730932946167775,0.4477801439079533,0.04902790174460669
256.0,0.0009765625,rbf,0.39593301435406697,0.042288579133556166,0.39515707098654,0.04845021882151184
256.0,0.001953125,rbf,0.3313397129186603,0.03962988755691153,0.3275029091984684,0.038784060579847686
256.0,0.00390625,rbf,0.27631578947368424,0.049570960259936465,0.27228577977254753,0.049801004684216985
256.0,0.0078125,rbf,0.25598086124401914,0.036809009494944256,0.25384703240057266,0.03851028052799781
256.0,0.015625,rbf,0.2547846889952153,0.02515452943779857,0.2475110484070367,0.03267380561271069
256.0,0.03125,rbf,0.2296650717703349,0.028767303900066005,0.20694806629125104,0.036513631208156684
256.0,0.0625,rbf,0.16626794258373204,0.010037143416507209,0.11746289288789218,0.013586438173903016
256.0,0.125,rbf,0.13636363636363635,0.0044464693603167614,0.1330618295299984,0.04451103384804051
256.0,0.25,rbf,0.12799043062200954,0.0046801568465663895,0.04801032086509148,0.059299564794984126
256.0,0.5,rbf,0.12799043062200954,0.0046801568465663895,0.04801032086509148,0.059299564794984126
256.0,1.0,rbf,0.12679425837320574,0.0043213186885323355,0.0,0.0
256.0,2.0,rbf,0.12679425837320574,0.0043213186885323355,0.0,0.0
256.0,4.0,rbf,0.12679425837320574,0.0043213186885323355,0.0,0.0
256.0,8.0,rbf,0.12679425837320574,0.0043213186885323355,0.0,0.0
256.0,16.0,rbf,0.13277511961722488,0.014513553151783798,0.04699679814929677,0.09371343592490064
256.0,32.0,rbf,0.13157894736842105,0.012226706820331536,0.0,0.0
256.0,64.0,rbf,0.13157894736842105,0.012226706820331536,0.0,0.0
256.0,128.0,rbf,0.13157894736842105,0.012226706820331536,0.0,0.0
256.0,256.0,rbf,0.13157894736842105,0.012226706820331536,0.0,0.0
256.0,512.0,rbf,0.13157894736842105,0.012226706820331536,0.0,0.0
256.0,1024.0,rbf,0.13157894736842105,0.012226706820331536,0.0,0.0
256.0,2048.0,rbf,0.13157894736842105,0.012226706820331536,0.0,0.0
256.0,4096.0,rbf,0.13157894736842105,0.012226706820331536,0.0,0.0
256.0,8192.0,rbf,0.13157894736842105,0.012226706820331536,0.0,0.0
256.0,16384.0,rbf,0.13157894736842105,0.012226706820331536,0.0,0.0
256.0,32768.0,rbf,0.13157894736842105,0.012226706820331536,0.0,0.0
512.0,3.0517578125e-05,rbf,0.4461722488038278,0.033864060798809145,0.4312131581752052,0.03384767116037113
512.0,6.103515625e-05,rbf,0.4820574162679426,0.013882103275809686,0.475089366929609,0.01824980276758286
512.0,0.0001220703125,rbf,0.5047846889952153,0.048346116369188084,0.5019003033197881,0.05219836432361004
512.0,0.000244140625,rbf,0.4856459330143541,0.04078461638676082,0.4835682660345517,0.04817280752165242
512.0,0.00048828125,rbf,0.44258373205741625,0.05444659528287464,0.44033713259909735,0.059300824460252276
512.0,0.0009765625,rbf,0.3947368421052632,0.0350314704030662,0.3918972751086625,0.04338397969616764
512.0,0.001953125,rbf,0.3313397129186603,0.03962988755691153,0.32767206487001643,0.039070176610375984
512.0,0.00390625,rbf,0.27631578947368424,0.049570960259936465,0.27228577977254753,0.049801004684216985
512.0,0.0078125,rbf,0.25598086124401914,0.036809009494944256,0.25384703240057266,0.03851028052799781
512.0,0.015625,rbf,0.2547846889952153,0.02515452943779857,0.2475110484070367,0.03267380561271069
512.0,0.03125,rbf,0.2296650717703349,0.028767303900066005,0.20694806629125104,0.036513631208156684
512.0,0.0625,rbf,0.16626794258373204,0.010037143416507209,0.11746289288789218,0.013586438173903016
512.0,0.125,rbf,0.13636363636363635,0.0044464693603167614,0.1330618295299984,0.04451103384804051
512.0,0.25,rbf,0.12799043062200954,0.0046801568465663895,0.04801032086509148,0.059299564794984126
512.0,0.5,rbf,0.12799043062200954,0.0046801568465663895,0.04801032086509148,0.059299564794984126
512.0,1.0,rbf,0.12679425837320574,0.0043213186885323355,0.0,0.0
512.0,2.0,rbf,0.12679425837320574,0.0043213186885323355,0.0,0.0
512.0,4.0,rbf,0.12679425837320574,0.0043213186885323355,0.0,0.0
512.0,8.0,rbf,0.12679425837320574,0.0043213186885323355,0.0,0.0
512.0,16.0,rbf,0.13277511961722488,0.014513553151783798,0.04699679814929677,0.09371343592490064
512.0,32.0,rbf,0.13157894736842105,0.012226706820331536,0.0,0.0
512.0,64.0,rbf,0.13157894736842105,0.012226706820331536,0.0,0.0
512.0,128.0,rbf,0.13157894736842105,0.012226706820331536,0.0,0.0
512.0,256.0,rbf,0.13157894736842105,0.012226706820331536,0.0,0.0
512.0,512.0,rbf,0.13157894736842105,0.012226706820331536,0.0,0.0
512.0,1024.0,rbf,0.13157894736842105,0.012226706820331536,0.0,0.0
512.0,2048.0,rbf,0.13157894736842105,0.012226706820331536,0.0,0.0
512.0,4096.0,rbf,0.13157894736842105,0.012226706820331536,0.0,0.0
512.0,8192.0,rbf,0.13157894736842105,0.012226706820331536,0.0,0.0
512.0,16384.0,rbf,0.13157894736842105,0.012226706820331536,0.0,0.0
512.0,32768.0,rbf,0.13157894736842105,0.012226706820331536,0.0,0.0
1024.0,3.0517578125e-05,rbf,0.5,0.022517047040567152,0.4913971090725168,0.026367403147875345
1024.0,6.103515625e-05,rbf,0.5167464114832536,0.04418408649237241,0.5109386008479807,0.05301846618809662
1024.0,0.0001220703125,rbf,0.5131578947368421,0.03715501710479386,0.5095028865872053,0.043299246126733686
1024.0,0.000244140625,rbf,0.492822966507177,0.04430818223129725,0.4876802222768738,0.05040243067993185
1024.0,0.00048828125,rbf,0.4461722488038278,0.03588312376024168,0.4428323465222345,0.0371344251673152
1024.0,0.0009765625,rbf,0.3875598086124402,0.034403742791449185,0.3867899748381385,0.03945104976518686
1024.0,0.001953125,rbf,0.3313397129186603,0.03962988755691153,0.32767206487001643,0.039070176610375984
1024.0,0.00390625,rbf,0.27631578947368424,0.049570960259936465,0.27228577977254753,0.049801004684216985
1024.0,0.0078125,rbf,0.25598086124401914,0.036809009494944256,0.25384703240057266,0.03851028052799781
1024.0,0.015625,rbf,0.2547846889952153,0.02515452943779857,0.2475110484070367,0.03267380561271069
1024.0,0.03125,rbf,0.2296650717703349,0.028767303900066005,0.20694806629125104,0.036513631208156684
1024.0,0.0625,rbf,0.16626794258373204,0.010037143416507209,0.11746289288789218,0.013586438173903016
1024.0,0.125,rbf,0.13636363636363635,0.0044464693603167614,0.1330618295299984,0.04451103384804051
1024.0,0.25,rbf,0.12799043062200954,0.0046801568465663895,0.04801032086509148,0.059299564794984126
1024.0,0.5,rbf,0.12799043062200954,0.0046801568465663895,0.04801032086509148,0.059299564794984126
1024.0,1.0,rbf,0.12679425837320574,0.0043213186885323355,0.0,0.0
1024.0,2.0,rbf,0.12679425837320574,0.0043213186885323355,0.0,0.0
1024.0,4.0,rbf,0.12679425837320574,0.0043213186885323355,0.0,0.0
1024.0,8.0,rbf,0.12679425837320574,0.0043213186885323355,0.0,0.0
1024.0,16.0,rbf,0.13277511961722488,0.014513553151783798,0.04699679814929677,0.09371343592490064
1024.0,32.0,rbf,0.13157894736842105,0.012226706820331536,0.0,0.0
1024.0,64.0,rbf,0.13157894736842105,0.012226706820331536,0.0,0.0
1024.0,128.0,rbf,0.13157894736842105,0.012226706820331536,0.0,0.0
1024.0,256.0,rbf,0.13157894736842105,0.012226706820331536,0.0,0.0
1024.0,512.0,rbf,0.13157894736842105,0.012226706820331536,0.0,0.0
1024.0,1024.0,rbf,0.13157894736842105,0.012226706820331536,0.0,0.0
1024.0,2048.0,rbf,0.13157894736842105,0.012226706820331536,0.0,0.0
1024.0,4096.0,rbf,0.13157894736842105,0.012226706820331536,0.0,0.0
1024.0,8192.0,rbf,0.13157894736842105,0.012226706820331536,0.0,0.0
1024.0,16384.0,rbf,0.13157894736842105,0.012226706820331536,0.0,0.0
1024.0,32768.0,rbf,0.13157894736842105,0.012226706820331536,0.0,0.0
2048.0,3.0517578125e-05,rbf,0.5239234449760766,0.03385756935122842,0.5163104046138487,0.04119467679594602
2048.0,6.103515625e-05,rbf,0.5239234449760766,0.035297744301479764,0.5200374423744745,0.040744817350436065
2048.0,0.0001220703125,rbf,0.4988038277511962,0.03817947742443272,0.4959244527537048,0.04428313384832349
2048.0,0.000244140625,rbf,0.4736842105263158,0.043037709563233384,0.4715119178865921,0.04748830429124421
2048.0,0.00048828125,rbf,0.4354066985645933,0.041372690920343735,0.43006167105989096,0.04845643438964553
2048.0,0.0009765625,rbf,0.3911483253588517,0.03227626467385752,0.3896361704261111,0.037984691524380616
2048.0,0.001953125,rbf,0.3313397129186603,0.03962988755691153,0.32767206487001643,0.039070176610375984
2048.0,0.00390625,rbf,0.27631578947368424,0.049570960259936465,0.27228577977254753,0.049801004684216985
2048.0,0.0078125,rbf,0.25598086124401914,0.036809009494944256,0.25384703240057266,0.03851028052799781
2048.0,0.015625,rbf,0.2547846889952153,0.02515452943779857,0.2475110484070367,0.03267380561271069
2048.0,0.03125,rbf,0.2296650717703349,0.028767303900066005,0.20694806629125104,0.036513631208156684
2048.0,0.0625,rbf,0.16626794258373204,0.010037143416507209,0.11746289288789218,0.013586438173903016
2048.0,0.125,rbf,0.13636363636363635,0.0044464693603167614,0.1330618295299984,0.04451103384804051
2048.0,0.25,rbf,0.12799043062200954,0.0046801568465663895,0.04801032086509148,0.059299564794984126
2048.0,0.5,rbf,0.12799043062200954,0.0046801568465663895,0.04801032086509148,0.059299564794984126
2048.0,1.0,rbf,0.12679425837320574,0.0043213186885323355,0.0,0.0
2048.0,2.0,rbf,0.12679425837320574,0.0043213186885323355,0.0,0.0
2048.0,4.0,rbf,0.12679425837320574,0.0043213186885323355,0.0,0.0
2048.0,8.0,rbf,0.12679425837320574,0.0043213186885323355,0.0,0.0
2048.0,16.0,rbf,0.13277511961722488,0.014513553151783798,0.04699679814929677,0.09371343592490064
2048.0,32.0,rbf,0.13157894736842105,0.012226706820331536,0.0,0.0
2048.0,64.0,rbf,0.13157894736842105,0.012226706820331536,0.0,0.0
2048.0,128.0,rbf,0.13157894736842105,0.012226706820331536,0.0,0.0
2048.0,256.0,rbf,0.13157894736842105,0.012226706820331536,0.0,0.0
2048.0,512.0,rbf,0.13157894736842105,0.012226706820331536,0.0,0.0
2048.0,1024.0,rbf,0.13157894736842105,0.012226706820331536,0.0,0.0
2048.0,2048.0,rbf,0.13157894736842105,0.012226706820331536,0.0,0.0
2048.0,4096.0,rbf,0.13157894736842105,0.012226706820331536,0.0,0.0
2048.0,8192.0,rbf,0.13157894736842105,0.012226706820331536,0.0,0.0
2048.0,16384.0,rbf,0.13157894736842105,0.012226706820331536,0.0,0.0
2048.0,32768.0,rbf,0.13157894736842105,0.012226706820331536,0.0,0.0
4096.0,3.0517578125e-05,rbf,0.5478468899521531,0.03624012615600118,0.5432601192536017,0.04210863954817901
4096.0,6.103515625e-05,rbf,0.5275119617224879,0.039263712154065794,0.525926022965294,0.04266101894301947
4096.0,0.0001220703125,rbf,0.5059808612440191,0.03841080788383122,0.5006509877123717,0.044955724313845064
4096.0,0.000244140625,rbf,0.4712918660287082,0.041938669612521316,0.4695019524453792,0.047904789261115965
4096.0,0.00048828125,rbf,0.4354066985645933,0.041372690920343735,0.43096580118988026,0.0481893197767248
4096.0,0.0009765625,rbf,0.3911483253588517,0.03227626467385752,0.3896361704261111,0.037984691524380616
4096.0,0.001953125,rbf,0.3313397129186603,0.03962988755691153,0.32767206487001643,0.039070176610375984
4096.0,0.00390625,rbf,0.27631578947368424,0.049570960259936465,0.27228577977254753,0.049801004684216985
4096.0,0.0078125,rbf,0.25598086124401914,0.036809009494944256,0.25384703240057266,0.03851028052799781
4096.0,0.015625,rbf,0.2547846889952153,0.02515452943779857,0.2475110484070367,0.03267380561271069
4096.0,0.03125,rbf,0.2296650717703349,0.028767303900066005,0.20694806629125104,0.036513631208156684
4096.0,0.0625,rbf,0.16626794258373204,0.010037143416507209,0.11746289288789218,0.013586438173903016
4096.0,0.125,rbf,0.13636363636363635,0.0044464693603167614,0.1330618295299984,0.04451103384804051
4096.0,0.25,rbf,0.12799043062200954,0.0046801568465663895,0.04801032086509148,0.059299564794984126
4096.0,0.5,rbf,0.12799043062200954,0.0046801568465663895,0.04801032086509148,0.059299564794984126
4096.0,1.0,rbf,0.12679425837320574,0.0043213186885323355,0.0,0.0
4096.0,2.0,rbf,0.12679425837320574,0.0043213186885323355,0.0,0.0
4096.0,4.0,rbf,0.12679425837320574,0.0043213186885323355,0.0,0.0
4096.0,8.0,rbf,0.12679425837320574,0.0043213186885323355,0.0,0.0
4096.0,16.0,rbf,0.13277511961722488,0.014513553151783798,0.04699679814929677,0.09371343592490064
4096.0,32.0,rbf,0.13157894736842105,0.012226706820331536,0.0,0.0
4096.0,64.0,rbf,0.13157894736842105,0.012226706820331536,0.0,0.0
4096.0,128.0,rbf,0.13157894736842105,0.012226706820331536,0.0,0.0
4096.0,256.0,rbf,0.13157894736842105,0.012226706820331536,0.0,0.0
4096.0,512.0,rbf,0.13157894736842105,0.012226706820331536,0.0,0.0
4096.0,1024.0,rbf,0.13157894736842105,0.012226706820331536,0.0,0.0
4096.0,2048.0,rbf,0.13157894736842105,0.012226706820331536,0.0,0.0
4096.0,4096.0,rbf,0.13157894736842105,0.012226706820331536,0.0,0.0
4096.0,8192.0,rbf,0.13157894736842105,0.012226706820331536,0.0,0.0
4096.0,16384.0,rbf,0.13157894736842105,0.012226706820331536,0.0,0.0
4096.0,32768.0,rbf,0.13157894736842105,0.012226706820331536,0.0,0.0
8192.0,3.0517578125e-05,rbf,0.5574162679425837,0.03597201537329668,0.5543236999097321,0.03971077472750165
8192.0,6.103515625e-05,rbf,0.5227272727272727,0.04031067164704518,0.5183517938527535,0.04400023560614279
8192.0,0.0001220703125,rbf,0.4976076555023923,0.04861685093839358,0.4928694434865307,0.048205244320272816
8192.0,0.000244140625,rbf,0.4784688995215311,0.03662008234565723,0.4735881706026683,0.037640184969069006
8192.0,0.00048828125,rbf,0.4366028708133971,0.03788186466652104,0.43288690426535903,0.045660523860193855
8192.0,0.0009765625,rbf,0.3911483253588517,0.03227626467385752,0.3896361704261111,0.037984691524380616
8192.0,0.001953125,rbf,0.3313397129186603,0.03962988755691153,0.32767206487001643,0.039070176610375984
8192.0,0.00390625,rbf,0.27631578947368424,0.049570960259936465,0.27228577977254753,0.049801004684216985
8192.0,0.0078125,rbf,0.25598086124401914,0.036809009494944256,0.25384703240057266,0.03851028052799781
8192.0,0.015625,rbf,0.2547846889952153,0.02515452943779857,0.2475110484070367,0.03267380561271069
8192.0,0.03125,rbf,0.2296650717703349,0.028767303900066005,0.20694806629125104,0.036513631208156684
8192.0,0.0625,rbf,0.16626794258373204,0.010037143416507209,0.11746289288789218,0.013586438173903016
8192.0,0.125,rbf,0.13636363636363635,0.0044464693603167614,0.1330618295299984,0.04451103384804051
8192.0,0.25,rbf,0.12799043062200954,0.0046801568465663895,0.04801032086509148,0.059299564794984126
8192.0,0.5,rbf,0.12799043062200954,0.0046801568465663895,0.04801032086509148,0.059299564794984126
8192.0,1.0,rbf,0.12679425837320574,0.0043213186885323355,0.0,0.0
8192.0,2.0,rbf,0.12679425837320574,0.0043213186885323355,0.0,0.0
8192.0,4.0,rbf,0.12679425837320574,0.0043213186885323355,0.0,0.0
8192.0,8.0,rbf,0.12679425837320574,0.0043213186885323355,0.0,0.0
8192.0,16.0,rbf,0.13277511961722488,0.014513553151783798,0.04699679814929677,0.09371343592490064
8192.0,32.0,rbf,0.13157894736842105,0.012226706820331536,0.0,0.0
8192.0,64.0,rbf,0.13157894736842105,0.012226706820331536,0.0,0.0
8192.0,128.0,rbf,0.13157894736842105,0.012226706820331536,0.0,0.0
8192.0,256.0,rbf,0.13157894736842105,0.012226706820331536,0.0,0.0
8192.0,512.0,rbf,0.13157894736842105,0.012226706820331536,0.0,0.0
8192.0,1024.0,rbf,0.13157894736842105,0.012226706820331536,0.0,0.0
8192.0,2048.0,rbf,0.13157894736842105,0.012226706820331536,0.0,0.0
8192.0,4096.0,rbf,0.13157894736842105,0.012226706820331536,0.0,0.0
8192.0,8192.0,rbf,0.13157894736842105,0.012226706820331536,0.0,0.0
8192.0,16384.0,rbf,0.13157894736842105,0.012226706820331536,0.0,0.0
8192.0,32768.0,rbf,0.13157894736842105,0.012226706820331536,0.0,0.0
16384.0,3.0517578125e-05,rbf,0.5550239234449761,0.04078307830787236,0.5527496143790825,0.04319242077783265
16384.0,6.103515625e-05,rbf,0.5179425837320574,0.04163845466659746,0.5144837193141488,0.04861994684515841
16384.0,0.0001220703125,rbf,0.4880382775119617,0.054830827329749136,0.4857643459884785,0.05889406772464498
16384.0,0.000244140625,rbf,0.4688995215311005,0.04902720767513728,0.4628649141183885,0.049528811768870785
16384.0,0.00048828125,rbf,0.4366028708133971,0.03788186466652104,0.43288690426535903,0.045660523860193855
16384.0,0.0009765625,rbf,0.3911483253588517,0.03227626467385752,0.3896361704261111,0.037984691524380616
16384.0,0.001953125,rbf,0.3313397129186603,0.03962988755691153,0.32767206487001643,0.039070176610375984
16384.0,0.00390625,rbf,0.27631578947368424,0.049570960259936465,0.27228577977254753,0.049801004684216985
16384.0,0.0078125,rbf,0.25598086124401914,0.036809009494944256,0.25384703240057266,0.03851028052799781
16384.0,0.015625,rbf,0.2547846889952153,0.02515452943779857,0.2475110484070367,0.03267380561271069
16384.0,0.03125,rbf,0.2296650717703349,0.028767303900066005,0.20694806629125104,0.036513631208156684
16384.0,0.0625,rbf,0.16626794258373204,0.010037143416507209,0.11746289288789218,0.013586438173903016
16384.0,0.125,rbf,0.13636363636363635,0.0044464693603167614,0.1330618295299984,0.04451103384804051
16384.0,0.25,rbf,0.12799043062200954,0.0046801568465663895,0.04801032086509148,0.059299564794984126
16384.0,0.5,rbf,0.12799043062200954,0.0046801568465663895,0.04801032086509148,0.059299564794984126
16384.0,1.0,rbf,0.12679425837320574,0.0043213186885323355,0.0,0.0
16384.0,2.0,rbf,0.12679425837320574,0.0043213186885323355,0.0,0.0
16384.0,4.0,rbf,0.12679425837320574,0.0043213186885323355,0.0,0.0
16384.0,8.0,rbf,0.12679425837320574,0.0043213186885323355,0.0,0.0
16384.0,16.0,rbf,0.13277511961722488,0.014513553151783798,0.04699679814929677,0.09371343592490064
16384.0,32.0,rbf,0.13157894736842105,0.012226706820331536,0.0,0.0
16384.0,64.0,rbf,0.13157894736842105,0.012226706820331536,0.0,0.0
16384.0,128.0,rbf,0.13157894736842105,0.012226706820331536,0.0,0.0
16384.0,256.0,rbf,0.13157894736842105,0.012226706820331536,0.0,0.0
16384.0,512.0,rbf,0.13157894736842105,0.012226706820331536,0.0,0.0
16384.0,1024.0,rbf,0.13157894736842105,0.012226706820331536,0.0,0.0
16384.0,2048.0,rbf,0.13157894736842105,0.012226706820331536,0.0,0.0
16384.0,4096.0,rbf,0.13157894736842105,0.012226706820331536,0.0,0.0
16384.0,8192.0,rbf,0.13157894736842105,0.012226706820331536,0.0,0.0
16384.0,16384.0,rbf,0.13157894736842105,0.012226706820331536,0.0,0.0
16384.0,32768.0,rbf,0.13157894736842105,0.012226706820331536,0.0,0.0
32768.0,3.0517578125e-05,rbf,0.5299043062200957,0.04050860911129492,0.5246499299895668,0.045596040030723865
32768.0,6.103515625e-05,rbf,0.5119617224880383,0.03649727856168175,0.5117998781732156,0.04172324832847973
32768.0,0.0001220703125,rbf,0.4856459330143541,0.04642806589858702,0.4803525905996433,0.050410266233162485
32768.0,0.000244140625,rbf,0.4712918660287082,0.04961845609308385,0.4662098255831726,0.04915466893351274
32768.0,0.00048828125,rbf,0.4366028708133971,0.03788186466652104,0.43288690426535903,0.045660523860193855
32768.0,0.0009765625,rbf,0.3911483253588517,0.03227626467385752,0.3896361704261111,0.037984691524380616
32768.0,0.001953125,rbf,0.3313397129186603,0.03962988755691153,0.32767206487001643,0.039070176610375984
32768.0,0.00390625,rbf,0.27631578947368424,0.049570960259936465,0.27228577977254753,0.049801004684216985
32768.0,0.0078125,rbf,0.25598086124401914,0.036809009494944256,0.25384703240057266,0.03851028052799781
32768.0,0.015625,rbf,0.2547846889952153,0.02515452943779857,0.2475110484070367,0.03267380561271069
32768.0,0.03125,rbf,0.2296650717703349,0.028767303900066005,0.20694806629125104,0.036513631208156684
32768.0,0.0625,rbf,0.16626794258373204,0.010037143416507209,0.11746289288789218,0.013586438173903016
32768.0,0.125,rbf,0.13636363636363635,0.0044464693603167614,0.1330618295299984,0.04451103384804051
32768.0,0.25,rbf,0.12799043062200954,0.0046801568465663895,0.04801032086509148,0.059299564794984126
32768.0,0.5,rbf,0.12799043062200954,0.0046801568465663895,0.04801032086509148,0.059299564794984126
32768.0,1.0,rbf,0.12679425837320574,0.0043213186885323355,0.0,0.0
32768.0,2.0,rbf,0.12679425837320574,0.0043213186885323355,0.0,0.0
32768.0,4.0,rbf,0.12679425837320574,0.0043213186885323355,0.0,0.0
32768.0,8.0,rbf,0.12679425837320574,0.0043213186885323355,0.0,0.0
32768.0,16.0,rbf,0.13277511961722488,0.014513553151783798,0.04699679814929677,0.09371343592490064
32768.0,32.0,rbf,0.13157894736842105,0.012226706820331536,0.0,0.0
32768.0,64.0,rbf,0.13157894736842105,0.012226706820331536,0.0,0.0
32768.0,128.0,rbf,0.13157894736842105,0.012226706820331536,0.0,0.0
32768.0,256.0,rbf,0.13157894736842105,0.012226706820331536,0.0,0.0
32768.0,512.0,rbf,0.13157894736842105,0.012226706820331536,0.0,0.0
32768.0,1024.0,rbf,0.13157894736842105,0.012226706820331536,0.0,0.0
32768.0,2048.0,rbf,0.13157894736842105,0.012226706820331536,0.0,0.0
32768.0,4096.0,rbf,0.13157894736842105,0.012226706820331536,0.0,0.0
32768.0,8192.0,rbf,0.13157894736842105,0.012226706820331536,0.0,0.0
32768.0,16384.0,rbf,0.13157894736842105,0.012226706820331536,0.0,0.0
32768.0,32768.0,rbf,0.13157894736842105,0.012226706820331536,0.0,0.0
