nsamples,nfeatures,nclasses,n_bin_attr,geom_mean_std_ratio,attr_mean_corr,attr_skewness,attr_kurtosis,class_entropy,attr_mean_entropy,mean_mutual_info,equiv_number_attr,noise_signal_ratio
-0.47401634593043,-0.1519315842892339,-0.34171228543720134,-0.10422048329093067,-0.08901495223352868,-0.2711093030919519,-0.07192182828576049,-0.2836055759137488,-0.4541659514423515,-0.05059560941374091,-0.32755333423586186,-0.37964353969317294,0.269262877003123
param_C,param_gamma,param_kernel,mean_test_acc,std_test_acc,mean_test_f1,std_test_f1
3.0517578125e-05,3.0517578125e-05,rbf,0.5539568345323741,0.05431765630348301,0.0,0.0
3.0517578125e-05,6.103515625e-05,rbf,0.5539568345323741,0.05431765630348301,0.0,0.0
3.0517578125e-05,0.0001220703125,rbf,0.5539568345323741,0.05431765630348301,0.0,0.0
3.0517578125e-05,0.000244140625,rbf,0.5539568345323741,0.05431765630348301,0.0,0.0
3.0517578125e-05,0.00048828125,rbf,0.5539568345323741,0.05431765630348301,0.0,0.0
3.0517578125e-05,0.0009765625,rbf,0.5539568345323741,0.05431765630348301,0.0,0.0
3.0517578125e-05,0.001953125,rbf,0.5539568345323741,0.05431765630348301,0.0,0.0
3.0517578125e-05,0.00390625,rbf,0.5539568345323741,0.05431765630348301,0.0,0.0
3.0517578125e-05,0.0078125,rbf,0.5539568345323741,0.05431765630348301,0.0,0.0
3.0517578125e-05,0.015625,rbf,0.5539568345323741,0.05431765630348301,0.0,0.0
3.0517578125e-05,0.03125,rbf,0.5539568345323741,0.05431765630348301,0.0,0.0
3.0517578125e-05,0.0625,rbf,0.5539568345323741,0.05431765630348301,0.0,0.0
3.0517578125e-05,0.125,rbf,0.5539568345323741,0.05431765630348301,0.0,0.0
3.0517578125e-05,0.25,rbf,0.5539568345323741,0.05431765630348301,0.0,0.0
3.0517578125e-05,0.5,rbf,0.5539568345323741,0.05431765630348301,0.0,0.0
3.0517578125e-05,1.0,rbf,0.5539568345323741,0.05431765630348301,0.0,0.0
3.0517578125e-05,2.0,rbf,0.5539568345323741,0.05431765630348301,0.0,0.0
3.0517578125e-05,4.0,rbf,0.5539568345323741,0.05431765630348301,0.0,0.0
3.0517578125e-05,8.0,rbf,0.5539568345323741,0.05431765630348301,0.0,0.0
3.0517578125e-05,16.0,rbf,0.5539568345323741,0.05431765630348301,0.0,0.0
3.0517578125e-05,32.0,rbf,0.5539568345323741,0.05431765630348301,0.0,0.0
3.0517578125e-05,64.0,rbf,0.5539568345323741,0.05431765630348301,0.0,0.0
3.0517578125e-05,128.0,rbf,0.5539568345323741,0.05431765630348301,0.0,0.0
3.0517578125e-05,256.0,rbf,0.5539568345323741,0.05431765630348301,0.0,0.0
3.0517578125e-05,512.0,rbf,0.5539568345323741,0.05431765630348301,0.0,0.0
3.0517578125e-05,1024.0,rbf,0.5539568345323741,0.05431765630348301,0.0,0.0
3.0517578125e-05,2048.0,rbf,0.5539568345323741,0.05431765630348301,0.0,0.0
3.0517578125e-05,4096.0,rbf,0.5539568345323741,0.05431765630348301,0.0,0.0
3.0517578125e-05,8192.0,rbf,0.5539568345323741,0.05431765630348301,0.0,0.0
3.0517578125e-05,16384.0,rbf,0.5539568345323741,0.05431765630348301,0.0,0.0
3.0517578125e-05,32768.0,rbf,0.5539568345323741,0.05431765630348301,0.0,0.0
6.103515625e-05,3.0517578125e-05,rbf,0.5539568345323741,0.05431765630348301,0.0,0.0
6.103515625e-05,6.103515625e-05,rbf,0.5539568345323741,0.05431765630348301,0.0,0.0
6.103515625e-05,0.0001220703125,rbf,0.5539568345323741,0.05431765630348301,0.0,0.0
6.103515625e-05,0.000244140625,rbf,0.5539568345323741,0.05431765630348301,0.0,0.0
6.103515625e-05,0.00048828125,rbf,0.5539568345323741,0.05431765630348301,0.0,0.0
6.103515625e-05,0.0009765625,rbf,0.5539568345323741,0.05431765630348301,0.0,0.0
6.103515625e-05,0.001953125,rbf,0.5539568345323741,0.05431765630348301,0.0,0.0
6.103515625e-05,0.00390625,rbf,0.5539568345323741,0.05431765630348301,0.0,0.0
6.103515625e-05,0.0078125,rbf,0.5539568345323741,0.05431765630348301,0.0,0.0
6.103515625e-05,0.015625,rbf,0.5539568345323741,0.05431765630348301,0.0,0.0
6.103515625e-05,0.03125,rbf,0.5539568345323741,0.05431765630348301,0.0,0.0
6.103515625e-05,0.0625,rbf,0.5539568345323741,0.05431765630348301,0.0,0.0
6.103515625e-05,0.125,rbf,0.5539568345323741,0.05431765630348301,0.0,0.0
6.103515625e-05,0.25,rbf,0.5539568345323741,0.05431765630348301,0.0,0.0
6.103515625e-05,0.5,rbf,0.5539568345323741,0.05431765630348301,0.0,0.0
6.103515625e-05,1.0,rbf,0.5539568345323741,0.05431765630348301,0.0,0.0
6.103515625e-05,2.0,rbf,0.5539568345323741,0.05431765630348301,0.0,0.0
6.103515625e-05,4.0,rbf,0.5539568345323741,0.05431765630348301,0.0,0.0
6.103515625e-05,8.0,rbf,0.5539568345323741,0.05431765630348301,0.0,0.0
6.103515625e-05,16.0,rbf,0.5539568345323741,0.05431765630348301,0.0,0.0
6.103515625e-05,32.0,rbf,0.5539568345323741,0.05431765630348301,0.0,0.0
6.103515625e-05,64.0,rbf,0.5539568345323741,0.05431765630348301,0.0,0.0
6.103515625e-05,128.0,rbf,0.5539568345323741,0.05431765630348301,0.0,0.0
6.103515625e-05,256.0,rbf,0.5539568345323741,0.05431765630348301,0.0,0.0
6.103515625e-05,512.0,rbf,0.5539568345323741,0.05431765630348301,0.0,0.0
6.103515625e-05,1024.0,rbf,0.5539568345323741,0.05431765630348301,0.0,0.0
6.103515625e-05,2048.0,rbf,0.5539568345323741,0.05431765630348301,0.0,0.0
6.103515625e-05,4096.0,rbf,0.5539568345323741,0.05431765630348301,0.0,0.0
6.103515625e-05,8192.0,rbf,0.5539568345323741,0.05431765630348301,0.0,0.0
6.103515625e-05,16384.0,rbf,0.5539568345323741,0.05431765630348301,0.0,0.0
6.103515625e-05,32768.0,rbf,0.5539568345323741,0.05431765630348301,0.0,0.0
0.0001220703125,3.0517578125e-05,rbf,0.5539568345323741,0.05431765630348301,0.0,0.0
0.0001220703125,6.103515625e-05,rbf,0.5539568345323741,0.05431765630348301,0.0,0.0
0.0001220703125,0.0001220703125,rbf,0.5539568345323741,0.05431765630348301,0.0,0.0
0.0001220703125,0.000244140625,rbf,0.5539568345323741,0.05431765630348301,0.0,0.0
0.0001220703125,0.00048828125,rbf,0.5539568345323741,0.05431765630348301,0.0,0.0
0.0001220703125,0.0009765625,rbf,0.5539568345323741,0.05431765630348301,0.0,0.0
0.0001220703125,0.001953125,rbf,0.5539568345323741,0.05431765630348301,0.0,0.0
0.0001220703125,0.00390625,rbf,0.5539568345323741,0.05431765630348301,0.0,0.0
0.0001220703125,0.0078125,rbf,0.5539568345323741,0.05431765630348301,0.0,0.0
0.0001220703125,0.015625,rbf,0.5539568345323741,0.05431765630348301,0.0,0.0
0.0001220703125,0.03125,rbf,0.5539568345323741,0.05431765630348301,0.0,0.0
0.0001220703125,0.0625,rbf,0.5539568345323741,0.05431765630348301,0.0,0.0
0.0001220703125,0.125,rbf,0.5539568345323741,0.05431765630348301,0.0,0.0
0.0001220703125,0.25,rbf,0.5539568345323741,0.05431765630348301,0.0,0.0
0.0001220703125,0.5,rbf,0.5539568345323741,0.05431765630348301,0.0,0.0
0.0001220703125,1.0,rbf,0.5539568345323741,0.05431765630348301,0.0,0.0
0.0001220703125,2.0,rbf,0.5539568345323741,0.05431765630348301,0.0,0.0
0.0001220703125,4.0,rbf,0.5539568345323741,0.05431765630348301,0.0,0.0
0.0001220703125,8.0,rbf,0.5539568345323741,0.05431765630348301,0.0,0.0
0.0001220703125,16.0,rbf,0.5539568345323741,0.05431765630348301,0.0,0.0
0.0001220703125,32.0,rbf,0.5539568345323741,0.05431765630348301,0.0,0.0
0.0001220703125,64.0,rbf,0.5539568345323741,0.05431765630348301,0.0,0.0
0.0001220703125,128.0,rbf,0.5539568345323741,0.05431765630348301,0.0,0.0
0.0001220703125,256.0,rbf,0.5539568345323741,0.05431765630348301,0.0,0.0
0.0001220703125,512.0,rbf,0.5539568345323741,0.05431765630348301,0.0,0.0
0.0001220703125,1024.0,rbf,0.5539568345323741,0.05431765630348301,0.0,0.0
0.0001220703125,2048.0,rbf,0.5539568345323741,0.05431765630348301,0.0,0.0
0.0001220703125,4096.0,rbf,0.5539568345323741,0.05431765630348301,0.0,0.0
0.0001220703125,8192.0,rbf,0.5539568345323741,0.05431765630348301,0.0,0.0
0.0001220703125,16384.0,rbf,0.5539568345323741,0.05431765630348301,0.0,0.0
0.0001220703125,32768.0,rbf,0.5539568345323741,0.05431765630348301,0.0,0.0
0.000244140625,3.0517578125e-05,rbf,0.5539568345323741,0.05431765630348301,0.0,0.0
0.000244140625,6.103515625e-05,rbf,0.5539568345323741,0.05431765630348301,0.0,0.0
0.000244140625,0.0001220703125,rbf,0.5539568345323741,0.05431765630348301,0.0,0.0
0.000244140625,0.000244140625,rbf,0.5539568345323741,0.05431765630348301,0.0,0.0
0.000244140625,0.00048828125,rbf,0.5539568345323741,0.05431765630348301,0.0,0.0
0.000244140625,0.0009765625,rbf,0.5539568345323741,0.05431765630348301,0.0,0.0
0.000244140625,0.001953125,rbf,0.5539568345323741,0.05431765630348301,0.0,0.0
0.000244140625,0.00390625,rbf,0.5539568345323741,0.05431765630348301,0.0,0.0
0.000244140625,0.0078125,rbf,0.5539568345323741,0.05431765630348301,0.0,0.0
0.000244140625,0.015625,rbf,0.5539568345323741,0.05431765630348301,0.0,0.0
0.000244140625,0.03125,rbf,0.5539568345323741,0.05431765630348301,0.0,0.0
0.000244140625,0.0625,rbf,0.5539568345323741,0.05431765630348301,0.0,0.0
0.000244140625,0.125,rbf,0.5539568345323741,0.05431765630348301,0.0,0.0
0.000244140625,0.25,rbf,0.5539568345323741,0.05431765630348301,0.0,0.0
0.000244140625,0.5,rbf,0.5539568345323741,0.05431765630348301,0.0,0.0
0.000244140625,1.0,rbf,0.5539568345323741,0.05431765630348301,0.0,0.0
0.000244140625,2.0,rbf,0.5539568345323741,0.05431765630348301,0.0,0.0
0.000244140625,4.0,rbf,0.5539568345323741,0.05431765630348301,0.0,0.0
0.000244140625,8.0,rbf,0.5539568345323741,0.05431765630348301,0.0,0.0
0.000244140625,16.0,rbf,0.5539568345323741,0.05431765630348301,0.0,0.0
0.000244140625,32.0,rbf,0.5539568345323741,0.05431765630348301,0.0,0.0
0.000244140625,64.0,rbf,0.5539568345323741,0.05431765630348301,0.0,0.0
0.000244140625,128.0,rbf,0.5539568345323741,0.05431765630348301,0.0,0.0
0.000244140625,256.0,rbf,0.5539568345323741,0.05431765630348301,0.0,0.0
0.000244140625,512.0,rbf,0.5539568345323741,0.05431765630348301,0.0,0.0
0.000244140625,1024.0,rbf,0.5539568345323741,0.05431765630348301,0.0,0.0
0.000244140625,2048.0,rbf,0.5539568345323741,0.05431765630348301,0.0,0.0
0.000244140625,4096.0,rbf,0.5539568345323741,0.05431765630348301,0.0,0.0
0.000244140625,8192.0,rbf,0.5539568345323741,0.05431765630348301,0.0,0.0
0.000244140625,16384.0,rbf,0.5539568345323741,0.05431765630348301,0.0,0.0
0.000244140625,32768.0,rbf,0.5539568345323741,0.05431765630348301,0.0,0.0
0.00048828125,3.0517578125e-05,rbf,0.5539568345323741,0.05431765630348301,0.0,0.0
0.00048828125,6.103515625e-05,rbf,0.5539568345323741,0.05431765630348301,0.0,0.0
0.00048828125,0.0001220703125,rbf,0.5539568345323741,0.05431765630348301,0.0,0.0
0.00048828125,0.000244140625,rbf,0.5539568345323741,0.05431765630348301,0.0,0.0
0.00048828125,0.00048828125,rbf,0.5539568345323741,0.05431765630348301,0.0,0.0
0.00048828125,0.0009765625,rbf,0.5539568345323741,0.05431765630348301,0.0,0.0
0.00048828125,0.001953125,rbf,0.5539568345323741,0.05431765630348301,0.0,0.0
0.00048828125,0.00390625,rbf,0.5539568345323741,0.05431765630348301,0.0,0.0
0.00048828125,0.0078125,rbf,0.5539568345323741,0.05431765630348301,0.0,0.0
0.00048828125,0.015625,rbf,0.5539568345323741,0.05431765630348301,0.0,0.0
0.00048828125,0.03125,rbf,0.5539568345323741,0.05431765630348301,0.0,0.0
0.00048828125,0.0625,rbf,0.5539568345323741,0.05431765630348301,0.0,0.0
0.00048828125,0.125,rbf,0.5539568345323741,0.05431765630348301,0.0,0.0
0.00048828125,0.25,rbf,0.5539568345323741,0.05431765630348301,0.0,0.0
0.00048828125,0.5,rbf,0.5539568345323741,0.05431765630348301,0.0,0.0
0.00048828125,1.0,rbf,0.5539568345323741,0.05431765630348301,0.0,0.0
0.00048828125,2.0,rbf,0.5539568345323741,0.05431765630348301,0.0,0.0
0.00048828125,4.0,rbf,0.5539568345323741,0.05431765630348301,0.0,0.0
0.00048828125,8.0,rbf,0.5539568345323741,0.05431765630348301,0.0,0.0
0.00048828125,16.0,rbf,0.5539568345323741,0.05431765630348301,0.0,0.0
0.00048828125,32.0,rbf,0.5539568345323741,0.05431765630348301,0.0,0.0
0.00048828125,64.0,rbf,0.5539568345323741,0.05431765630348301,0.0,0.0
0.00048828125,128.0,rbf,0.5539568345323741,0.05431765630348301,0.0,0.0
0.00048828125,256.0,rbf,0.5539568345323741,0.05431765630348301,0.0,0.0
0.00048828125,512.0,rbf,0.5539568345323741,0.05431765630348301,0.0,0.0
0.00048828125,1024.0,rbf,0.5539568345323741,0.05431765630348301,0.0,0.0
0.00048828125,2048.0,rbf,0.5539568345323741,0.05431765630348301,0.0,0.0
0.00048828125,4096.0,rbf,0.5539568345323741,0.05431765630348301,0.0,0.0
0.00048828125,8192.0,rbf,0.5539568345323741,0.05431765630348301,0.0,0.0
0.00048828125,16384.0,rbf,0.5539568345323741,0.05431765630348301,0.0,0.0
0.00048828125,32768.0,rbf,0.5539568345323741,0.05431765630348301,0.0,0.0
0.0009765625,3.0517578125e-05,rbf,0.5539568345323741,0.05431765630348301,0.0,0.0
0.0009765625,6.103515625e-05,rbf,0.5539568345323741,0.05431765630348301,0.0,0.0
0.0009765625,0.0001220703125,rbf,0.5539568345323741,0.05431765630348301,0.0,0.0
0.0009765625,0.000244140625,rbf,0.5539568345323741,0.05431765630348301,0.0,0.0
0.0009765625,0.00048828125,rbf,0.5539568345323741,0.05431765630348301,0.0,0.0
0.0009765625,0.0009765625,rbf,0.5539568345323741,0.05431765630348301,0.0,0.0
0.0009765625,0.001953125,rbf,0.5539568345323741,0.05431765630348301,0.0,0.0
0.0009765625,0.00390625,rbf,0.5539568345323741,0.05431765630348301,0.0,0.0
0.0009765625,0.0078125,rbf,0.5539568345323741,0.05431765630348301,0.0,0.0
0.0009765625,0.015625,rbf,0.5539568345323741,0.05431765630348301,0.0,0.0
0.0009765625,0.03125,rbf,0.5539568345323741,0.05431765630348301,0.0,0.0
0.0009765625,0.0625,rbf,0.5539568345323741,0.05431765630348301,0.0,0.0
0.0009765625,0.125,rbf,0.5539568345323741,0.05431765630348301,0.0,0.0
0.0009765625,0.25,rbf,0.5539568345323741,0.05431765630348301,0.0,0.0
0.0009765625,0.5,rbf,0.5539568345323741,0.05431765630348301,0.0,0.0
0.0009765625,1.0,rbf,0.5539568345323741,0.05431765630348301,0.0,0.0
0.0009765625,2.0,rbf,0.5539568345323741,0.05431765630348301,0.0,0.0
0.0009765625,4.0,rbf,0.5539568345323741,0.05431765630348301,0.0,0.0
0.0009765625,8.0,rbf,0.5539568345323741,0.05431765630348301,0.0,0.0
0.0009765625,16.0,rbf,0.5539568345323741,0.05431765630348301,0.0,0.0
0.0009765625,32.0,rbf,0.5539568345323741,0.05431765630348301,0.0,0.0
0.0009765625,64.0,rbf,0.5539568345323741,0.05431765630348301,0.0,0.0
0.0009765625,128.0,rbf,0.5539568345323741,0.05431765630348301,0.0,0.0
0.0009765625,256.0,rbf,0.5539568345323741,0.05431765630348301,0.0,0.0
0.0009765625,512.0,rbf,0.5539568345323741,0.05431765630348301,0.0,0.0
0.0009765625,1024.0,rbf,0.5539568345323741,0.05431765630348301,0.0,0.0
0.0009765625,2048.0,rbf,0.5539568345323741,0.05431765630348301,0.0,0.0
0.0009765625,4096.0,rbf,0.5539568345323741,0.05431765630348301,0.0,0.0
0.0009765625,8192.0,rbf,0.5539568345323741,0.05431765630348301,0.0,0.0
0.0009765625,16384.0,rbf,0.5539568345323741,0.05431765630348301,0.0,0.0
0.0009765625,32768.0,rbf,0.5539568345323741,0.05431765630348301,0.0,0.0
0.001953125,3.0517578125e-05,rbf,0.5539568345323741,0.05431765630348301,0.0,0.0
0.001953125,6.103515625e-05,rbf,0.5539568345323741,0.05431765630348301,0.0,0.0
0.001953125,0.0001220703125,rbf,0.5539568345323741,0.05431765630348301,0.0,0.0
0.001953125,0.000244140625,rbf,0.5539568345323741,0.05431765630348301,0.0,0.0
0.001953125,0.00048828125,rbf,0.5539568345323741,0.05431765630348301,0.0,0.0
0.001953125,0.0009765625,rbf,0.5539568345323741,0.05431765630348301,0.0,0.0
0.001953125,0.001953125,rbf,0.5539568345323741,0.05431765630348301,0.0,0.0
0.001953125,0.00390625,rbf,0.5539568345323741,0.05431765630348301,0.0,0.0
0.001953125,0.0078125,rbf,0.5539568345323741,0.05431765630348301,0.0,0.0
0.001953125,0.015625,rbf,0.5539568345323741,0.05431765630348301,0.0,0.0
0.001953125,0.03125,rbf,0.5539568345323741,0.05431765630348301,0.0,0.0
0.001953125,0.0625,rbf,0.5539568345323741,0.05431765630348301,0.0,0.0
0.001953125,0.125,rbf,0.5539568345323741,0.05431765630348301,0.0,0.0
0.001953125,0.25,rbf,0.5539568345323741,0.05431765630348301,0.0,0.0
0.001953125,0.5,rbf,0.5539568345323741,0.05431765630348301,0.0,0.0
0.001953125,1.0,rbf,0.5539568345323741,0.05431765630348301,0.0,0.0
0.001953125,2.0,rbf,0.5539568345323741,0.05431765630348301,0.0,0.0
0.001953125,4.0,rbf,0.5539568345323741,0.05431765630348301,0.0,0.0
0.001953125,8.0,rbf,0.5539568345323741,0.05431765630348301,0.0,0.0
0.001953125,16.0,rbf,0.5539568345323741,0.05431765630348301,0.0,0.0
0.001953125,32.0,rbf,0.5539568345323741,0.05431765630348301,0.0,0.0
0.001953125,64.0,rbf,0.5539568345323741,0.05431765630348301,0.0,0.0
0.001953125,128.0,rbf,0.5539568345323741,0.05431765630348301,0.0,0.0
0.001953125,256.0,rbf,0.5539568345323741,0.05431765630348301,0.0,0.0
0.001953125,512.0,rbf,0.5539568345323741,0.05431765630348301,0.0,0.0
0.001953125,1024.0,rbf,0.5539568345323741,0.05431765630348301,0.0,0.0
0.001953125,2048.0,rbf,0.5539568345323741,0.05431765630348301,0.0,0.0
0.001953125,4096.0,rbf,0.5539568345323741,0.05431765630348301,0.0,0.0
0.001953125,8192.0,rbf,0.5539568345323741,0.05431765630348301,0.0,0.0
0.001953125,16384.0,rbf,0.5539568345323741,0.05431765630348301,0.0,0.0
0.001953125,32768.0,rbf,0.5539568345323741,0.05431765630348301,0.0,0.0
0.00390625,3.0517578125e-05,rbf,0.5539568345323741,0.05431765630348301,0.0,0.0
0.00390625,6.103515625e-05,rbf,0.5539568345323741,0.05431765630348301,0.0,0.0
0.00390625,0.0001220703125,rbf,0.5539568345323741,0.05431765630348301,0.0,0.0
0.00390625,0.000244140625,rbf,0.5539568345323741,0.05431765630348301,0.0,0.0
0.00390625,0.00048828125,rbf,0.5539568345323741,0.05431765630348301,0.0,0.0
0.00390625,0.0009765625,rbf,0.5539568345323741,0.05431765630348301,0.0,0.0
0.00390625,0.001953125,rbf,0.5539568345323741,0.05431765630348301,0.0,0.0
0.00390625,0.00390625,rbf,0.5539568345323741,0.05431765630348301,0.0,0.0
0.00390625,0.0078125,rbf,0.5539568345323741,0.05431765630348301,0.0,0.0
0.00390625,0.015625,rbf,0.5539568345323741,0.05431765630348301,0.0,0.0
0.00390625,0.03125,rbf,0.5539568345323741,0.05431765630348301,0.0,0.0
0.00390625,0.0625,rbf,0.5539568345323741,0.05431765630348301,0.0,0.0
0.00390625,0.125,rbf,0.5539568345323741,0.05431765630348301,0.0,0.0
0.00390625,0.25,rbf,0.5539568345323741,0.05431765630348301,0.0,0.0
0.00390625,0.5,rbf,0.5539568345323741,0.05431765630348301,0.0,0.0
0.00390625,1.0,rbf,0.5539568345323741,0.05431765630348301,0.0,0.0
0.00390625,2.0,rbf,0.5539568345323741,0.05431765630348301,0.0,0.0
0.00390625,4.0,rbf,0.5539568345323741,0.05431765630348301,0.0,0.0
0.00390625,8.0,rbf,0.5539568345323741,0.05431765630348301,0.0,0.0
0.00390625,16.0,rbf,0.5539568345323741,0.05431765630348301,0.0,0.0
0.00390625,32.0,rbf,0.5539568345323741,0.05431765630348301,0.0,0.0
0.00390625,64.0,rbf,0.5539568345323741,0.05431765630348301,0.0,0.0
0.00390625,128.0,rbf,0.5539568345323741,0.05431765630348301,0.0,0.0
0.00390625,256.0,rbf,0.5539568345323741,0.05431765630348301,0.0,0.0
0.00390625,512.0,rbf,0.5539568345323741,0.05431765630348301,0.0,0.0
0.00390625,1024.0,rbf,0.5539568345323741,0.05431765630348301,0.0,0.0
0.00390625,2048.0,rbf,0.5539568345323741,0.05431765630348301,0.0,0.0
0.00390625,4096.0,rbf,0.5539568345323741,0.05431765630348301,0.0,0.0
0.00390625,8192.0,rbf,0.5539568345323741,0.05431765630348301,0.0,0.0
0.00390625,16384.0,rbf,0.5539568345323741,0.05431765630348301,0.0,0.0
0.00390625,32768.0,rbf,0.5539568345323741,0.05431765630348301,0.0,0.0
0.0078125,3.0517578125e-05,rbf,0.5539568345323741,0.05431765630348301,0.0,0.0
0.0078125,6.103515625e-05,rbf,0.5539568345323741,0.05431765630348301,0.0,0.0
0.0078125,0.0001220703125,rbf,0.5539568345323741,0.05431765630348301,0.0,0.0
0.0078125,0.000244140625,rbf,0.5539568345323741,0.05431765630348301,0.0,0.0
0.0078125,0.00048828125,rbf,0.5539568345323741,0.05431765630348301,0.0,0.0
0.0078125,0.0009765625,rbf,0.5539568345323741,0.05431765630348301,0.0,0.0
0.0078125,0.001953125,rbf,0.5539568345323741,0.05431765630348301,0.0,0.0
0.0078125,0.00390625,rbf,0.5539568345323741,0.05431765630348301,0.0,0.0
0.0078125,0.0078125,rbf,0.5539568345323741,0.05431765630348301,0.0,0.0
0.0078125,0.015625,rbf,0.5539568345323741,0.05431765630348301,0.0,0.0
0.0078125,0.03125,rbf,0.5539568345323741,0.05431765630348301,0.0,0.0
0.0078125,0.0625,rbf,0.5539568345323741,0.05431765630348301,0.0,0.0
0.0078125,0.125,rbf,0.5539568345323741,0.05431765630348301,0.0,0.0
0.0078125,0.25,rbf,0.5539568345323741,0.05431765630348301,0.0,0.0
0.0078125,0.5,rbf,0.5539568345323741,0.05431765630348301,0.0,0.0
0.0078125,1.0,rbf,0.5539568345323741,0.05431765630348301,0.0,0.0
0.0078125,2.0,rbf,0.5539568345323741,0.05431765630348301,0.0,0.0
0.0078125,4.0,rbf,0.5539568345323741,0.05431765630348301,0.0,0.0
0.0078125,8.0,rbf,0.5539568345323741,0.05431765630348301,0.0,0.0
0.0078125,16.0,rbf,0.5539568345323741,0.05431765630348301,0.0,0.0
0.0078125,32.0,rbf,0.5539568345323741,0.05431765630348301,0.0,0.0
0.0078125,64.0,rbf,0.5539568345323741,0.05431765630348301,0.0,0.0
0.0078125,128.0,rbf,0.5539568345323741,0.05431765630348301,0.0,0.0
0.0078125,256.0,rbf,0.5539568345323741,0.05431765630348301,0.0,0.0
0.0078125,512.0,rbf,0.5539568345323741,0.05431765630348301,0.0,0.0
0.0078125,1024.0,rbf,0.5539568345323741,0.05431765630348301,0.0,0.0
0.0078125,2048.0,rbf,0.5539568345323741,0.05431765630348301,0.0,0.0
0.0078125,4096.0,rbf,0.5539568345323741,0.05431765630348301,0.0,0.0
0.0078125,8192.0,rbf,0.5539568345323741,0.05431765630348301,0.0,0.0
0.0078125,16384.0,rbf,0.5539568345323741,0.05431765630348301,0.0,0.0
0.0078125,32768.0,rbf,0.5539568345323741,0.05431765630348301,0.0,0.0
0.015625,3.0517578125e-05,rbf,0.5539568345323741,0.05431765630348301,0.0,0.0
0.015625,6.103515625e-05,rbf,0.5539568345323741,0.05431765630348301,0.0,0.0
0.015625,0.0001220703125,rbf,0.5539568345323741,0.05431765630348301,0.0,0.0
0.015625,0.000244140625,rbf,0.5539568345323741,0.05431765630348301,0.0,0.0
0.015625,0.00048828125,rbf,0.5539568345323741,0.05431765630348301,0.0,0.0
0.015625,0.0009765625,rbf,0.5539568345323741,0.05431765630348301,0.0,0.0
0.015625,0.001953125,rbf,0.5539568345323741,0.05431765630348301,0.0,0.0
0.015625,0.00390625,rbf,0.5539568345323741,0.05431765630348301,0.0,0.0
0.015625,0.0078125,rbf,0.5539568345323741,0.05431765630348301,0.0,0.0
0.015625,0.015625,rbf,0.5539568345323741,0.05431765630348301,0.0,0.0
0.015625,0.03125,rbf,0.5539568345323741,0.05431765630348301,0.0,0.0
0.015625,0.0625,rbf,0.5539568345323741,0.05431765630348301,0.0,0.0
0.015625,0.125,rbf,0.5539568345323741,0.05431765630348301,0.0,0.0
0.015625,0.25,rbf,0.5539568345323741,0.05431765630348301,0.0,0.0
0.015625,0.5,rbf,0.5539568345323741,0.05431765630348301,0.0,0.0
0.015625,1.0,rbf,0.5539568345323741,0.05431765630348301,0.0,0.0
0.015625,2.0,rbf,0.5539568345323741,0.05431765630348301,0.0,0.0
0.015625,4.0,rbf,0.5539568345323741,0.05431765630348301,0.0,0.0
0.015625,8.0,rbf,0.5539568345323741,0.05431765630348301,0.0,0.0
0.015625,16.0,rbf,0.5539568345323741,0.05431765630348301,0.0,0.0
0.015625,32.0,rbf,0.5539568345323741,0.05431765630348301,0.0,0.0
0.015625,64.0,rbf,0.5539568345323741,0.05431765630348301,0.0,0.0
0.015625,128.0,rbf,0.5539568345323741,0.05431765630348301,0.0,0.0
0.015625,256.0,rbf,0.5539568345323741,0.05431765630348301,0.0,0.0
0.015625,512.0,rbf,0.5539568345323741,0.05431765630348301,0.0,0.0
0.015625,1024.0,rbf,0.5539568345323741,0.05431765630348301,0.0,0.0
0.015625,2048.0,rbf,0.5539568345323741,0.05431765630348301,0.0,0.0
0.015625,4096.0,rbf,0.5539568345323741,0.05431765630348301,0.0,0.0
0.015625,8192.0,rbf,0.5539568345323741,0.05431765630348301,0.0,0.0
0.015625,16384.0,rbf,0.5539568345323741,0.05431765630348301,0.0,0.0
0.015625,32768.0,rbf,0.5539568345323741,0.05431765630348301,0.0,0.0
0.03125,3.0517578125e-05,rbf,0.5539568345323741,0.05431765630348301,0.0,0.0
0.03125,6.103515625e-05,rbf,0.5539568345323741,0.05431765630348301,0.0,0.0
0.03125,0.0001220703125,rbf,0.5539568345323741,0.05431765630348301,0.0,0.0
0.03125,0.000244140625,rbf,0.5539568345323741,0.05431765630348301,0.0,0.0
0.03125,0.00048828125,rbf,0.5539568345323741,0.05431765630348301,0.0,0.0
0.03125,0.0009765625,rbf,0.5539568345323741,0.05431765630348301,0.0,0.0
0.03125,0.001953125,rbf,0.5611510791366906,0.060205529872965825,0.1931323828911641,0.23751037831052865
0.03125,0.00390625,rbf,0.5875299760191847,0.07193303815178753,0.4664936455366976,0.09880566661255284
0.03125,0.0078125,rbf,0.5779376498800959,0.07374298283421311,0.3198674437590281,0.2622520087695976
0.03125,0.015625,rbf,0.5539568345323741,0.05431765630348301,0.0,0.0
0.03125,0.03125,rbf,0.5539568345323741,0.05431765630348301,0.0,0.0
0.03125,0.0625,rbf,0.5539568345323741,0.05431765630348301,0.0,0.0
0.03125,0.125,rbf,0.5539568345323741,0.05431765630348301,0.0,0.0
0.03125,0.25,rbf,0.5539568345323741,0.05431765630348301,0.0,0.0
0.03125,0.5,rbf,0.5539568345323741,0.05431765630348301,0.0,0.0
0.03125,1.0,rbf,0.5539568345323741,0.05431765630348301,0.0,0.0
0.03125,2.0,rbf,0.5539568345323741,0.05431765630348301,0.0,0.0
0.03125,4.0,rbf,0.5539568345323741,0.05431765630348301,0.0,0.0
0.03125,8.0,rbf,0.5539568345323741,0.05431765630348301,0.0,0.0
0.03125,16.0,rbf,0.5539568345323741,0.05431765630348301,0.0,0.0
0.03125,32.0,rbf,0.5539568345323741,0.05431765630348301,0.0,0.0
0.03125,64.0,rbf,0.5539568345323741,0.05431765630348301,0.0,0.0
0.03125,128.0,rbf,0.5539568345323741,0.05431765630348301,0.0,0.0
0.03125,256.0,rbf,0.5539568345323741,0.05431765630348301,0.0,0.0
0.03125,512.0,rbf,0.5539568345323741,0.05431765630348301,0.0,0.0
0.03125,1024.0,rbf,0.5539568345323741,0.05431765630348301,0.0,0.0
0.03125,2048.0,rbf,0.5539568345323741,0.05431765630348301,0.0,0.0
0.03125,4096.0,rbf,0.5539568345323741,0.05431765630348301,0.0,0.0
0.03125,8192.0,rbf,0.5539568345323741,0.05431765630348301,0.0,0.0
0.03125,16384.0,rbf,0.5539568345323741,0.05431765630348301,0.0,0.0
0.03125,32768.0,rbf,0.5539568345323741,0.05431765630348301,0.0,0.0
0.0625,3.0517578125e-05,rbf,0.5539568345323741,0.05431765630348301,0.0,0.0
0.0625,6.103515625e-05,rbf,0.5539568345323741,0.05431765630348301,0.0,0.0
0.0625,0.0001220703125,rbf,0.5539568345323741,0.05431765630348301,0.0,0.0
0.0625,0.000244140625,rbf,0.5539568345323741,0.05431765630348301,0.0,0.0
0.0625,0.00048828125,rbf,0.5587529976019184,0.058630898688612536,0.09989584090303516,0.19889775480843527
0.0625,0.0009765625,rbf,0.6019184652278178,0.06410240832153717,0.4952501316614651,0.08192994477821762
0.0625,0.001953125,rbf,0.6330935251798561,0.04683399948308208,0.5583827739295866,0.05460864788169233
0.0625,0.00390625,rbf,0.6594724220623501,0.04613300802147436,0.6041457483547742,0.05586947037939241
0.0625,0.0078125,rbf,0.6474820143884892,0.04576407945419495,0.613711436564951,0.06335191174926869
0.0625,0.015625,rbf,0.6594724220623501,0.05997178523794437,0.6260721365922066,0.08442459963634326
0.0625,0.03125,rbf,0.5875299760191847,0.08486662313983714,0.33967156637036017,0.2821274065104324
0.0625,0.0625,rbf,0.5539568345323741,0.05431765630348301,0.0,0.0
0.0625,0.125,rbf,0.5539568345323741,0.05431765630348301,0.0,0.0
0.0625,0.25,rbf,0.5539568345323741,0.05431765630348301,0.0,0.0
0.0625,0.5,rbf,0.5539568345323741,0.05431765630348301,0.0,0.0
0.0625,1.0,rbf,0.5539568345323741,0.05431765630348301,0.0,0.0
0.0625,2.0,rbf,0.5539568345323741,0.05431765630348301,0.0,0.0
0.0625,4.0,rbf,0.5539568345323741,0.05431765630348301,0.0,0.0
0.0625,8.0,rbf,0.5539568345323741,0.05431765630348301,0.0,0.0
0.0625,16.0,rbf,0.5539568345323741,0.05431765630348301,0.0,0.0
0.0625,32.0,rbf,0.5539568345323741,0.05431765630348301,0.0,0.0
0.0625,64.0,rbf,0.5539568345323741,0.05431765630348301,0.0,0.0
0.0625,128.0,rbf,0.5539568345323741,0.05431765630348301,0.0,0.0
0.0625,256.0,rbf,0.5539568345323741,0.05431765630348301,0.0,0.0
0.0625,512.0,rbf,0.5539568345323741,0.05431765630348301,0.0,0.0
0.0625,1024.0,rbf,0.5539568345323741,0.05431765630348301,0.0,0.0
0.0625,2048.0,rbf,0.5539568345323741,0.05431765630348301,0.0,0.0
0.0625,4096.0,rbf,0.5539568345323741,0.05431765630348301,0.0,0.0
0.0625,8192.0,rbf,0.5539568345323741,0.05431765630348301,0.0,0.0
0.0625,16384.0,rbf,0.5539568345323741,0.05431765630348301,0.0,0.0
0.0625,32768.0,rbf,0.5539568345323741,0.05431765630348301,0.0,0.0
0.125,3.0517578125e-05,rbf,0.5539568345323741,0.05431765630348301,0.0,0.0
0.125,6.103515625e-05,rbf,0.5539568345323741,0.05431765630348301,0.0,0.0
0.125,0.0001220703125,rbf,0.5539568345323741,0.05431765630348301,0.0,0.0
0.125,0.000244140625,rbf,0.5683453237410072,0.06022396097736608,0.28089573440976595,0.2325167683673961
0.125,0.00048828125,rbf,0.6163069544364509,0.061339016795537986,0.52117517181616,0.07897245636779919
0.125,0.0009765625,rbf,0.6378896882494005,0.04970709646105016,0.5659918068644765,0.059646938140691365
0.125,0.001953125,rbf,0.6474820143884892,0.04612716100908616,0.5855266095257751,0.05650312885934242
0.125,0.00390625,rbf,0.6690647482014388,0.049979256954484005,0.6227092654532675,0.06267352104905889
0.125,0.0078125,rbf,0.6618705035971223,0.040001736534142254,0.6374237903421032,0.04921577699462032
0.125,0.015625,rbf,0.6834532374100719,0.029246182757665717,0.6716543144088154,0.03373237001054906
0.125,0.03125,rbf,0.6906474820143885,0.02320903816312941,0.684565847019203,0.02449804344801851
0.125,0.0625,rbf,0.645083932853717,0.09079789166525128,0.6017365240580633,0.143453195856088
0.125,0.125,rbf,0.5539568345323741,0.05431765630348301,0.0,0.0
0.125,0.25,rbf,0.5539568345323741,0.05431765630348301,0.0,0.0
0.125,0.5,rbf,0.5539568345323741,0.05431765630348301,0.0,0.0
0.125,1.0,rbf,0.5539568345323741,0.05431765630348301,0.0,0.0
0.125,2.0,rbf,0.5539568345323741,0.05431765630348301,0.0,0.0
0.125,4.0,rbf,0.5539568345323741,0.05431765630348301,0.0,0.0
0.125,8.0,rbf,0.5539568345323741,0.05431765630348301,0.0,0.0
0.125,16.0,rbf,0.5539568345323741,0.05431765630348301,0.0,0.0
0.125,32.0,rbf,0.5539568345323741,0.05431765630348301,0.0,0.0
0.125,64.0,rbf,0.5539568345323741,0.05431765630348301,0.0,0.0
0.125,128.0,rbf,0.5539568345323741,0.05431765630348301,0.0,0.0
0.125,256.0,rbf,0.5539568345323741,0.05431765630348301,0.0,0.0
0.125,512.0,rbf,0.5539568345323741,0.05431765630348301,0.0,0.0
0.125,1024.0,rbf,0.5539568345323741,0.05431765630348301,0.0,0.0
0.125,2048.0,rbf,0.5539568345323741,0.05431765630348301,0.0,0.0
0.125,4096.0,rbf,0.5539568345323741,0.05431765630348301,0.0,0.0
0.125,8192.0,rbf,0.5539568345323741,0.05431765630348301,0.0,0.0
0.125,16384.0,rbf,0.5539568345323741,0.05431765630348301,0.0,0.0
0.125,32768.0,rbf,0.5539568345323741,0.05431765630348301,0.0,0.0
0.25,3.0517578125e-05,rbf,0.5539568345323741,0.05431765630348301,0.0,0.0
0.25,6.103515625e-05,rbf,0.5563549160671463,0.05292864449963795,0.07562402760718255,0.1517029376105108
0.25,0.0001220703125,rbf,0.5707434052757794,0.06284900099560539,0.2855431702696445,0.23742846296434605
0.25,0.000244140625,rbf,0.6163069544364509,0.061339016795537986,0.52117517181616,0.07897245636779919
0.25,0.00048828125,rbf,0.6378896882494005,0.04970709646105016,0.5659918068644765,0.059646938140691365
0.25,0.0009765625,rbf,0.6426858513189448,0.048184462770635365,0.5760022250109226,0.05887977077123406
0.25,0.001953125,rbf,0.6618705035971223,0.04970958550463737,0.6094002123499999,0.0607953752592792
0.25,0.00390625,rbf,0.6786570743405276,0.04680101816143084,0.6377612143686582,0.05797933527798382
0.25,0.0078125,rbf,0.6810551558752997,0.03761299839924314,0.6548565698839418,0.04391560978974445
0.25,0.015625,rbf,0.6906474820143885,0.025232672121481614,0.6754808427754835,0.028333236624201664
0.25,0.03125,rbf,0.6906474820143885,0.026333267227548668,0.6834056895399461,0.0271402843071306
0.25,0.0625,rbf,0.6858513189448441,0.00952839470385158,0.6842682576800776,0.011202093317543784
0.25,0.125,rbf,0.6522781774580336,0.06562840954922773,0.6304403910697731,0.10934340858328903
0.25,0.25,rbf,0.5563549160671463,0.05631338419076385,0.2938484710460938,0.2406336646182722
0.25,0.5,rbf,0.5539568345323741,0.05431765630348301,0.0,0.0
0.25,1.0,rbf,0.5539568345323741,0.05431765630348301,0.0,0.0
0.25,2.0,rbf,0.5539568345323741,0.05431765630348301,0.0,0.0
0.25,4.0,rbf,0.5539568345323741,0.05431765630348301,0.0,0.0
0.25,8.0,rbf,0.5539568345323741,0.05431765630348301,0.0,0.0
0.25,16.0,rbf,0.5539568345323741,0.05431765630348301,0.0,0.0
0.25,32.0,rbf,0.5539568345323741,0.05431765630348301,0.0,0.0
0.25,64.0,rbf,0.5539568345323741,0.05431765630348301,0.0,0.0
0.25,128.0,rbf,0.5539568345323741,0.05431765630348301,0.0,0.0
0.25,256.0,rbf,0.5539568345323741,0.05431765630348301,0.0,0.0
0.25,512.0,rbf,0.5539568345323741,0.05431765630348301,0.0,0.0
0.25,1024.0,rbf,0.5539568345323741,0.05431765630348301,0.0,0.0
0.25,2048.0,rbf,0.5539568345323741,0.05431765630348301,0.0,0.0
0.25,4096.0,rbf,0.5539568345323741,0.05431765630348301,0.0,0.0
0.25,8192.0,rbf,0.5539568345323741,0.05431765630348301,0.0,0.0
0.25,16384.0,rbf,0.5539568345323741,0.05431765630348301,0.0,0.0
0.25,32768.0,rbf,0.5539568345323741,0.05431765630348301,0.0,0.0
0.5,3.0517578125e-05,rbf,0.5563549160671463,0.05292864449963795,0.07562402760718255,0.1517029376105108
0.5,6.103515625e-05,rbf,0.5683453237410072,0.06022396097736608,0.28089573440976595,0.2325167683673961
0.5,0.0001220703125,rbf,0.6163069544364509,0.055134538242724254,0.5241307331738848,0.06893664559795226
0.5,0.000244140625,rbf,0.6378896882494005,0.04970709646105016,0.5635311026168146,0.05990920267494061
0.5,0.00048828125,rbf,0.645083932853717,0.0476159964325288,0.5797878249796745,0.05819781366762958
0.5,0.0009765625,rbf,0.6546762589928058,0.04801984480809395,0.5965985193662598,0.0584947549712106
0.5,0.001953125,rbf,0.6762589928057554,0.03576802289142626,0.6345835758415195,0.04393584781244452
0.5,0.00390625,rbf,0.6858513189448441,0.03924580437431062,0.6507331992262033,0.04905651996683227
0.5,0.0078125,rbf,0.6882494004796164,0.029753255412962587,0.6638106562063575,0.035043563222426966
0.5,0.015625,rbf,0.6978417266187049,0.029073193311302037,0.6839631392269283,0.02990187622642645
0.5,0.03125,rbf,0.6930455635491607,0.019723088192526127,0.6854763928578239,0.022146723627172925
0.5,0.0625,rbf,0.6810551558752997,0.014003257592748015,0.6785692827938288,0.016320382869017047
0.5,0.125,rbf,0.6834532374100719,0.02091480642418377,0.6841262481978325,0.02100247535789025
0.5,0.25,rbf,0.6906474820143885,0.023569332598691973,0.6906614934763967,0.02162382527602194
0.5,0.5,rbf,0.5467625899280576,0.04957210317952182,0.4446573704171522,0.08621291173388124
0.5,1.0,rbf,0.5539568345323741,0.05431765630348301,0.0,0.0
0.5,2.0,rbf,0.5539568345323741,0.05431765630348301,0.0,0.0
0.5,4.0,rbf,0.5539568345323741,0.05431765630348301,0.0,0.0
0.5,8.0,rbf,0.5539568345323741,0.05431765630348301,0.0,0.0
0.5,16.0,rbf,0.5539568345323741,0.05431765630348301,0.0,0.0
0.5,32.0,rbf,0.5539568345323741,0.05431765630348301,0.0,0.0
0.5,64.0,rbf,0.5539568345323741,0.05431765630348301,0.0,0.0
0.5,128.0,rbf,0.5539568345323741,0.05431765630348301,0.0,0.0
0.5,256.0,rbf,0.5539568345323741,0.05431765630348301,0.0,0.0
0.5,512.0,rbf,0.5539568345323741,0.05431765630348301,0.0,0.0
0.5,1024.0,rbf,0.5539568345323741,0.05431765630348301,0.0,0.0
0.5,2048.0,rbf,0.5539568345323741,0.05431765630348301,0.0,0.0
0.5,4096.0,rbf,0.5539568345323741,0.05431765630348301,0.0,0.0
0.5,8192.0,rbf,0.5539568345323741,0.05431765630348301,0.0,0.0
0.5,16384.0,rbf,0.5539568345323741,0.05431765630348301,0.0,0.0
0.5,32768.0,rbf,0.5539568345323741,0.05431765630348301,0.0,0.0
1.0,3.0517578125e-05,rbf,0.5707434052757794,0.06284900099560539,0.2855431702696445,0.23742846296434605
1.0,6.103515625e-05,rbf,0.6211031175059952,0.052326015717363165,0.5302990591469734,0.061524279025931536
1.0,0.0001220703125,rbf,0.6402877697841727,0.04997123552373988,0.5677274723502962,0.059707203311215776
1.0,0.000244140625,rbf,0.645083932853717,0.0476159964325288,0.5797878249796745,0.05819781366762958
1.0,0.00048828125,rbf,0.657074340527578,0.046839494112203284,0.6003841193350118,0.0564433858501161
1.0,0.0009765625,rbf,0.6738609112709832,0.03998626843646946,0.6295598774180359,0.04868350854220569
1.0,0.001953125,rbf,0.6810551558752997,0.03244301025180801,0.643025282207105,0.03946382025921207
1.0,0.00390625,rbf,0.6762589928057554,0.04239926346072779,0.6451530768562211,0.052248088634458935
1.0,0.0078125,rbf,0.6810551558752997,0.03610594023136895,0.6558550468552948,0.04312626846292103
1.0,0.015625,rbf,0.6978417266187049,0.038181689219664736,0.6845643263290079,0.04294312738160596
1.0,0.03125,rbf,0.7098321342925659,0.026990235398945843,0.7015817191572801,0.028386915803213012
1.0,0.0625,rbf,0.6954436450839329,0.018540591320311103,0.6902436046898023,0.023192643165533117
1.0,0.125,rbf,0.6930455635491607,0.013828370599052788,0.6914059294957119,0.014433906891288956
1.0,0.25,rbf,0.6906474820143885,0.025089133210162283,0.6916961810401178,0.02426439575030298
1.0,0.5,rbf,0.6714628297362111,0.02688307536577933,0.673317071616885,0.025623292452820343
1.0,1.0,rbf,0.5755395683453237,0.08775896515226941,0.5401389607195954,0.1321650483574361
1.0,2.0,rbf,0.5275779376498801,0.054523273804010564,0.4020021665852727,0.06822722914760093
1.0,4.0,rbf,0.5467625899280576,0.05221793984610815,0.24666502969872905,0.20455970623374212
1.0,8.0,rbf,0.5515587529976019,0.0523561074813834,0.08901969333624009,0.17857484468351442
1.0,16.0,rbf,0.5515587529976019,0.0523561074813834,0.08901969333624009,0.17857484468351442
1.0,32.0,rbf,0.5539568345323741,0.05431765630348301,0.0,0.0
1.0,64.0,rbf,0.5539568345323741,0.05431765630348301,0.0,0.0
1.0,128.0,rbf,0.5539568345323741,0.05431765630348301,0.0,0.0
1.0,256.0,rbf,0.5539568345323741,0.05431765630348301,0.0,0.0
1.0,512.0,rbf,0.5539568345323741,0.05431765630348301,0.0,0.0
1.0,1024.0,rbf,0.5539568345323741,0.05431765630348301,0.0,0.0
1.0,2048.0,rbf,0.5539568345323741,0.05431765630348301,0.0,0.0
1.0,4096.0,rbf,0.5539568345323741,0.05431765630348301,0.0,0.0
1.0,8192.0,rbf,0.5539568345323741,0.05431765630348301,0.0,0.0
1.0,16384.0,rbf,0.5539568345323741,0.05431765630348301,0.0,0.0
1.0,32768.0,rbf,0.5539568345323741,0.05431765630348301,0.0,0.0
2.0,3.0517578125e-05,rbf,0.6211031175059952,0.052326015717363165,0.5302990591469734,0.061524279025931536
2.0,6.103515625e-05,rbf,0.6402877697841727,0.04997123552373988,0.5677274723502962,0.059707203311215776
2.0,0.0001220703125,rbf,0.6426858513189448,0.048184462770635365,0.5760022250109226,0.05887977077123406
2.0,0.000244140625,rbf,0.6546762589928058,0.046801018161430806,0.5967248213571765,0.0561080556643258
2.0,0.00048828125,rbf,0.6690647482014388,0.036049594674008936,0.6227840467596577,0.043461754079680025
2.0,0.0009765625,rbf,0.6786570743405276,0.029306489936931537,0.6409084718487051,0.03621470561286738
2.0,0.001953125,rbf,0.6762589928057554,0.030335760372659913,0.6408994309276682,0.040062651329560765
2.0,0.00390625,rbf,0.6810551558752997,0.030344894972400074,0.6540966286651639,0.03740137607521588
2.0,0.0078125,rbf,0.6762589928057554,0.03559450717074194,0.6544036261154677,0.04276053313387102
2.0,0.015625,rbf,0.6978417266187049,0.0384465208761166,0.6828591747947662,0.04228695632690079
2.0,0.03125,rbf,0.7026378896882494,0.0484481182011385,0.6934597954582691,0.05545024770149873
2.0,0.0625,rbf,0.7026378896882494,0.03116704203248482,0.6981780347311559,0.03371966693196992
2.0,0.125,rbf,0.6978417266187049,0.0220801562673448,0.6960157308080949,0.02193393184694941
2.0,0.25,rbf,0.6762589928057554,0.02671858922474991,0.6770488032043945,0.02584833558935537
2.0,0.5,rbf,0.6690647482014388,0.022365436829393827,0.6709168095930375,0.02125396408882152
2.0,1.0,rbf,0.565947242206235,0.09445413696541624,0.5464124451144703,0.1217132092582322
2.0,2.0,rbf,0.513189448441247,0.0481743960924503,0.4076158217632565,0.05447030498472929
2.0,4.0,rbf,0.5419664268585132,0.05665736644518458,0.33574172981455885,0.17413416070005178
2.0,8.0,rbf,0.5491606714628298,0.054082439713553865,0.15831465736501704,0.19716646837088547
2.0,16.0,rbf,0.5515587529976019,0.0523561074813834,0.08901969333624009,0.17857484468351442
2.0,32.0,rbf,0.5539568345323741,0.05431765630348301,0.0,0.0
2.0,64.0,rbf,0.5539568345323741,0.05431765630348301,0.0,0.0
2.0,128.0,rbf,0.5539568345323741,0.05431765630348301,0.0,0.0
2.0,256.0,rbf,0.5539568345323741,0.05431765630348301,0.0,0.0
2.0,512.0,rbf,0.5539568345323741,0.05431765630348301,0.0,0.0
2.0,1024.0,rbf,0.5539568345323741,0.05431765630348301,0.0,0.0
2.0,2048.0,rbf,0.5539568345323741,0.05431765630348301,0.0,0.0
2.0,4096.0,rbf,0.5539568345323741,0.05431765630348301,0.0,0.0
2.0,8192.0,rbf,0.5539568345323741,0.05431765630348301,0.0,0.0
2.0,16384.0,rbf,0.5539568345323741,0.05431765630348301,0.0,0.0
2.0,32768.0,rbf,0.5539568345323741,0.05431765630348301,0.0,0.0
4.0,3.0517578125e-05,rbf,0.6402877697841727,0.04997123552373988,0.5677274723502962,0.059707203311215776
4.0,6.103515625e-05,rbf,0.6426858513189448,0.048184462770635365,0.5760022250109226,0.05887977077123406
4.0,0.0001220703125,rbf,0.6546762589928058,0.046801018161430806,0.5967248213571765,0.0561080556643258
4.0,0.000244140625,rbf,0.6690647482014388,0.036049594674008936,0.6227840467596577,0.043461754079680025
4.0,0.00048828125,rbf,0.6786570743405276,0.027263531649010863,0.6406760780494956,0.03460817884884727
4.0,0.0009765625,rbf,0.6834532374100719,0.02824708954181658,0.6483602426413821,0.036073664551979176
4.0,0.001953125,rbf,0.6882494004796164,0.037132697807355966,0.6565963610019967,0.04868705257681975
4.0,0.00390625,rbf,0.6810551558752997,0.03501291484394292,0.6547593354815974,0.042510879175781266
4.0,0.0078125,rbf,0.6762589928057554,0.03944482763107388,0.657000079506578,0.04783065637699642
4.0,0.015625,rbf,0.7026378896882494,0.047189347717636616,0.6887017598760302,0.05379397563245435
4.0,0.03125,rbf,0.7002398081534772,0.047465022904924235,0.6907438594037979,0.05459591524438775
4.0,0.0625,rbf,0.7074340527577938,0.03894725274534135,0.7036964729207428,0.03974868983358505
4.0,0.125,rbf,0.6786570743405276,0.02768915607228977,0.6773723309526734,0.026825603757628696
4.0,0.25,rbf,0.6714628297362111,0.022287187707495285,0.6726906712168241,0.02121635354452585
4.0,0.5,rbf,0.6666666666666666,0.013853846863621141,0.6680275234770613,0.013931484312705987
4.0,1.0,rbf,0.565947242206235,0.09025114251574794,0.5476043074242127,0.11527919789074972
4.0,2.0,rbf,0.5107913669064749,0.05077519588582722,0.4063473324140965,0.0562502795342866
4.0,4.0,rbf,0.5419664268585132,0.05665736644518458,0.33574172981455885,0.17413416070005178
4.0,8.0,rbf,0.5491606714628298,0.054082439713553865,0.15831465736501704,0.19716646837088547
4.0,16.0,rbf,0.5515587529976019,0.0523561074813834,0.08901969333624009,0.17857484468351442
4.0,32.0,rbf,0.5539568345323741,0.05431765630348301,0.0,0.0
4.0,64.0,rbf,0.5539568345323741,0.05431765630348301,0.0,0.0
4.0,128.0,rbf,0.5539568345323741,0.05431765630348301,0.0,0.0
4.0,256.0,rbf,0.5539568345323741,0.05431765630348301,0.0,0.0
4.0,512.0,rbf,0.5539568345323741,0.05431765630348301,0.0,0.0
4.0,1024.0,rbf,0.5539568345323741,0.05431765630348301,0.0,0.0
4.0,2048.0,rbf,0.5539568345323741,0.05431765630348301,0.0,0.0
4.0,4096.0,rbf,0.5539568345323741,0.05431765630348301,0.0,0.0
4.0,8192.0,rbf,0.5539568345323741,0.05431765630348301,0.0,0.0
4.0,16384.0,rbf,0.5539568345323741,0.05431765630348301,0.0,0.0
4.0,32768.0,rbf,0.5539568345323741,0.05431765630348301,0.0,0.0
8.0,3.0517578125e-05,rbf,0.6426858513189448,0.048184462770635365,0.5760022250109226,0.05887977077123406
8.0,6.103515625e-05,rbf,0.6546762589928058,0.046801018161430806,0.5967248213571765,0.0561080556643258
8.0,0.0001220703125,rbf,0.6690647482014388,0.03523901501087831,0.6244514951108893,0.043348285468399535
8.0,0.000244140625,rbf,0.6786570743405276,0.027263531649010863,0.6406760780494956,0.03460817884884727
8.0,0.00048828125,rbf,0.6834532374100719,0.02824708954181658,0.6483602426413821,0.036073664551979176
8.0,0.0009765625,rbf,0.6786570743405276,0.031243564800299932,0.6433294221324241,0.03848149488210498
8.0,0.001953125,rbf,0.6810551558752997,0.03244301025180801,0.6505209301939113,0.04280180509273421
8.0,0.00390625,rbf,0.6786570743405276,0.04177210205207938,0.6530399998270218,0.04958131005777152
8.0,0.0078125,rbf,0.6882494004796164,0.04960431457878881,0.6716301932625877,0.0568173190675121
8.0,0.015625,rbf,0.7026378896882494,0.04402168842626195,0.6901076643009226,0.05268678181513063
8.0,0.03125,rbf,0.6978417266187049,0.03970092262668799,0.6900305515768305,0.04323808031917409
8.0,0.0625,rbf,0.6858513189448441,0.021315601696013885,0.6831979057489297,0.022234096255723267
8.0,0.125,rbf,0.6714628297362111,0.03363003077189551,0.6712565273783597,0.033088881176373236
8.0,0.25,rbf,0.6714628297362111,0.0431456567791073,0.6730529873007196,0.041730118372961617
8.0,0.5,rbf,0.6498800959232613,0.02350862316886906,0.6515677123123861,0.022345825631221398
8.0,1.0,rbf,0.5635491606714629,0.08798918635529343,0.5454793024030317,0.1132510022059032
8.0,2.0,rbf,0.5107913669064749,0.05077519588582722,0.4063473324140965,0.0562502795342866
8.0,4.0,rbf,0.5419664268585132,0.05665736644518458,0.33574172981455885,0.17413416070005178
8.0,8.0,rbf,0.5491606714628298,0.054082439713553865,0.15831465736501704,0.19716646837088547
8.0,16.0,rbf,0.5515587529976019,0.0523561074813834,0.08901969333624009,0.17857484468351442
8.0,32.0,rbf,0.5539568345323741,0.05431765630348301,0.0,0.0
8.0,64.0,rbf,0.5539568345323741,0.05431765630348301,0.0,0.0
8.0,128.0,rbf,0.5539568345323741,0.05431765630348301,0.0,0.0
8.0,256.0,rbf,0.5539568345323741,0.05431765630348301,0.0,0.0
8.0,512.0,rbf,0.5539568345323741,0.05431765630348301,0.0,0.0
8.0,1024.0,rbf,0.5539568345323741,0.05431765630348301,0.0,0.0
8.0,2048.0,rbf,0.5539568345323741,0.05431765630348301,0.0,0.0
8.0,4096.0,rbf,0.5539568345323741,0.05431765630348301,0.0,0.0
8.0,8192.0,rbf,0.5539568345323741,0.05431765630348301,0.0,0.0
8.0,16384.0,rbf,0.5539568345323741,0.05431765630348301,0.0,0.0
8.0,32768.0,rbf,0.5539568345323741,0.05431765630348301,0.0,0.0
16.0,3.0517578125e-05,rbf,0.6546762589928058,0.046801018161430806,0.5967248213571765,0.0561080556643258
16.0,6.103515625e-05,rbf,0.6690647482014388,0.03523901501087831,0.6244514951108893,0.043348285468399535
16.0,0.0001220703125,rbf,0.6786570743405276,0.029306489936931537,0.6409084718487051,0.03621470561286738
16.0,0.000244140625,rbf,0.6858513189448441,0.029910237095009617,0.6518291168413394,0.037328004005026914
16.0,0.00048828125,rbf,0.6882494004796164,0.032212264833516004,0.6551974371960553,0.03969201407912319
16.0,0.0009765625,rbf,0.6834532374100719,0.035421398938750334,0.649919732140671,0.04728128178085352
16.0,0.001953125,rbf,0.6738609112709832,0.03751880206478902,0.6440122984830288,0.048234545337291435
16.0,0.00390625,rbf,0.6762589928057554,0.03971855785780641,0.6521003782073946,0.0480649728945108
16.0,0.0078125,rbf,0.7026378896882494,0.03432351694091446,0.6883807280221383,0.03661015599585957
16.0,0.015625,rbf,0.7026378896882494,0.06608287893815651,0.6905712801958263,0.07415189239111494
16.0,0.03125,rbf,0.6930455635491607,0.054185015931874435,0.6882090260358801,0.05666836761674888
16.0,0.0625,rbf,0.6810551558752997,0.02323157713847715,0.6803199979554315,0.022508958866927532
16.0,0.125,rbf,0.657074340527578,0.026763608175005716,0.6581933334141119,0.02644475588441859
16.0,0.25,rbf,0.6642685851318945,0.01971725328404761,0.6655768075146584,0.01874598398825928
16.0,0.5,rbf,0.6474820143884892,0.02268364356250657,0.6491438705668361,0.021703081170458497
16.0,1.0,rbf,0.5635491606714629,0.08798918635529343,0.5454793024030317,0.1132510022059032
16.0,2.0,rbf,0.5107913669064749,0.05077519588582722,0.4063473324140965,0.0562502795342866
16.0,4.0,rbf,0.5419664268585132,0.05665736644518458,0.33574172981455885,0.17413416070005178
16.0,8.0,rbf,0.5491606714628298,0.054082439713553865,0.15831465736501704,0.19716646837088547
16.0,16.0,rbf,0.5515587529976019,0.0523561074813834,0.08901969333624009,0.17857484468351442
16.0,32.0,rbf,0.5539568345323741,0.05431765630348301,0.0,0.0
16.0,64.0,rbf,0.5539568345323741,0.05431765630348301,0.0,0.0
16.0,128.0,rbf,0.5539568345323741,0.05431765630348301,0.0,0.0
16.0,256.0,rbf,0.5539568345323741,0.05431765630348301,0.0,0.0
16.0,512.0,rbf,0.5539568345323741,0.05431765630348301,0.0,0.0
16.0,1024.0,rbf,0.5539568345323741,0.05431765630348301,0.0,0.0
16.0,2048.0,rbf,0.5539568345323741,0.05431765630348301,0.0,0.0
16.0,4096.0,rbf,0.5539568345323741,0.05431765630348301,0.0,0.0
16.0,8192.0,rbf,0.5539568345323741,0.05431765630348301,0.0,0.0
16.0,16384.0,rbf,0.5539568345323741,0.05431765630348301,0.0,0.0
16.0,32768.0,rbf,0.5539568345323741,0.05431765630348301,0.0,0.0
32.0,3.0517578125e-05,rbf,0.6690647482014388,0.03523901501087831,0.6244514951108893,0.043348285468399535
32.0,6.103515625e-05,rbf,0.6762589928057554,0.02666059601645328,0.6388004012093393,0.03319546966179823
32.0,0.0001220703125,rbf,0.6834532374100719,0.02794716588302357,0.6488776106747062,0.033905522871142124
32.0,0.000244140625,rbf,0.6858513189448441,0.029910237095009617,0.6518291168413394,0.037328004005026914
32.0,0.00048828125,rbf,0.6834532374100719,0.03495218801766006,0.6487993366973481,0.04303467589492176
32.0,0.0009765625,rbf,0.6810551558752997,0.03244301025180801,0.6480656319634176,0.04284723251237674
32.0,0.001953125,rbf,0.6762589928057554,0.03280353250098938,0.6490337290397292,0.039834562908532524
32.0,0.00390625,rbf,0.6810551558752997,0.03622007639252366,0.6616086627943631,0.04269242862459311
32.0,0.0078125,rbf,0.7002398081534772,0.04639866760975059,0.6860820952670487,0.053694515788059234
32.0,0.015625,rbf,0.6930455635491607,0.06148803980871441,0.6811224871057022,0.07007552758356657
32.0,0.03125,rbf,0.6786570743405276,0.0314575068783314,0.6735128224643153,0.03420434610850352
32.0,0.0625,rbf,0.6762589928057554,0.01811919064857397,0.6749074701450757,0.01761193355726816
32.0,0.125,rbf,0.6618705035971223,0.030316666701657877,0.6629563977026667,0.02960238571719692
32.0,0.25,rbf,0.657074340527578,0.01865236520513928,0.6585032318481921,0.01776609740914542
32.0,0.5,rbf,0.6474820143884892,0.02268364356250657,0.6491438705668361,0.021703081170458497
32.0,1.0,rbf,0.5635491606714629,0.08798918635529343,0.5454793024030317,0.1132510022059032
32.0,2.0,rbf,0.5107913669064749,0.05077519588582722,0.4063473324140965,0.0562502795342866
32.0,4.0,rbf,0.5419664268585132,0.05665736644518458,0.33574172981455885,0.17413416070005178
32.0,8.0,rbf,0.5491606714628298,0.054082439713553865,0.15831465736501704,0.19716646837088547
32.0,16.0,rbf,0.5515587529976019,0.0523561074813834,0.08901969333624009,0.17857484468351442
32.0,32.0,rbf,0.5539568345323741,0.05431765630348301,0.0,0.0
32.0,64.0,rbf,0.5539568345323741,0.05431765630348301,0.0,0.0
32.0,128.0,rbf,0.5539568345323741,0.05431765630348301,0.0,0.0
32.0,256.0,rbf,0.5539568345323741,0.05431765630348301,0.0,0.0
32.0,512.0,rbf,0.5539568345323741,0.05431765630348301,0.0,0.0
32.0,1024.0,rbf,0.5539568345323741,0.05431765630348301,0.0,0.0
32.0,2048.0,rbf,0.5539568345323741,0.05431765630348301,0.0,0.0
32.0,4096.0,rbf,0.5539568345323741,0.05431765630348301,0.0,0.0
32.0,8192.0,rbf,0.5539568345323741,0.05431765630348301,0.0,0.0
32.0,16384.0,rbf,0.5539568345323741,0.05431765630348301,0.0,0.0
32.0,32768.0,rbf,0.5539568345323741,0.05431765630348301,0.0,0.0
64.0,3.0517578125e-05,rbf,0.6762589928057554,0.02666059601645328,0.6388004012093393,0.03319546966179823
64.0,6.103515625e-05,rbf,0.6810551558752997,0.02593874081951782,0.645408736474749,0.0322030598730937
64.0,0.0001220703125,rbf,0.6858513189448441,0.029910237095009617,0.6518291168413394,0.037328004005026914
64.0,0.000244140625,rbf,0.6858513189448441,0.030586817317480895,0.6522459310294221,0.03676334881944013
64.0,0.00048828125,rbf,0.6858513189448441,0.029910237095009617,0.6525669054729509,0.03827678068596582
64.0,0.0009765625,rbf,0.6642685851318945,0.030003949394654963,0.6303223302810728,0.04091270684094945
64.0,0.001953125,rbf,0.6810551558752997,0.0387347830467717,0.6558018854629811,0.04701832532725075
64.0,0.00390625,rbf,0.6954436450839329,0.03744023424011611,0.6782888138471298,0.04226957405129443
64.0,0.0078125,rbf,0.6882494004796164,0.05331722400981271,0.6758148350338725,0.061798198435242174
64.0,0.015625,rbf,0.6786570743405276,0.05977787288183078,0.6708824495401551,0.0655073843576234
64.0,0.03125,rbf,0.6666666666666666,0.020941528426940505,0.6635471929390502,0.02325339483398821
64.0,0.0625,rbf,0.6714628297362111,0.015034063726429446,0.6702997792077523,0.01504653798925155
64.0,0.125,rbf,0.6498800959232613,0.020381750596802268,0.6507797338025342,0.02077321208440491
64.0,0.25,rbf,0.6498800959232613,0.022129412156489787,0.6515531822058912,0.02135013979301777
64.0,0.5,rbf,0.6474820143884892,0.02268364356250657,0.6491438705668361,0.021703081170458497
64.0,1.0,rbf,0.5635491606714629,0.08798918635529343,0.5454793024030317,0.1132510022059032
64.0,2.0,rbf,0.5107913669064749,0.05077519588582722,0.4063473324140965,0.0562502795342866
64.0,4.0,rbf,0.5419664268585132,0.05665736644518458,0.33574172981455885,0.17413416070005178
64.0,8.0,rbf,0.5491606714628298,0.054082439713553865,0.15831465736501704,0.19716646837088547
64.0,16.0,rbf,0.5515587529976019,0.0523561074813834,0.08901969333624009,0.17857484468351442
64.0,32.0,rbf,0.5539568345323741,0.05431765630348301,0.0,0.0
64.0,64.0,rbf,0.5539568345323741,0.05431765630348301,0.0,0.0
64.0,128.0,rbf,0.5539568345323741,0.05431765630348301,0.0,0.0
64.0,256.0,rbf,0.5539568345323741,0.05431765630348301,0.0,0.0
64.0,512.0,rbf,0.5539568345323741,0.05431765630348301,0.0,0.0
64.0,1024.0,rbf,0.5539568345323741,0.05431765630348301,0.0,0.0
64.0,2048.0,rbf,0.5539568345323741,0.05431765630348301,0.0,0.0
64.0,4096.0,rbf,0.5539568345323741,0.05431765630348301,0.0,0.0
64.0,8192.0,rbf,0.5539568345323741,0.05431765630348301,0.0,0.0
64.0,16384.0,rbf,0.5539568345323741,0.05431765630348301,0.0,0.0
64.0,32768.0,rbf,0.5539568345323741,0.05431765630348301,0.0,0.0
128.0,3.0517578125e-05,rbf,0.6810551558752997,0.02593874081951782,0.645408736474749,0.0322030598730937
128.0,6.103515625e-05,rbf,0.6858513189448441,0.029910237095009617,0.6518291168413394,0.037328004005026914
128.0,0.0001220703125,rbf,0.6906474820143885,0.03502743546790215,0.6584726597814898,0.042895923822037066
128.0,0.000244140625,rbf,0.6834532374100719,0.03495218801766006,0.6487993366973481,0.04303467589492176
128.0,0.00048828125,rbf,0.6810551558752997,0.028376794329859376,0.6472893034910702,0.037742828373102284
128.0,0.0009765625,rbf,0.6618705035971223,0.03175193912375842,0.6289144712674279,0.03994601986487989
128.0,0.001953125,rbf,0.6762589928057554,0.03824052304518215,0.6544903472000604,0.04359280162505708
128.0,0.00390625,rbf,0.7050359712230215,0.04241280138592651,0.6898209873916279,0.045520932220331066
128.0,0.0078125,rbf,0.6834532374100719,0.04773511478915386,0.6708306156997346,0.05575997831935775
128.0,0.015625,rbf,0.6762589928057554,0.054940037503236935,0.6704300517599694,0.05798763898108671
128.0,0.03125,rbf,0.6522781774580336,0.016568459649434306,0.6509023912600378,0.017446241349962702
128.0,0.0625,rbf,0.6738609112709832,0.02313829525770464,0.6739879468535145,0.022734266161303626
128.0,0.125,rbf,0.6378896882494005,0.012907931158943729,0.6393594733421292,0.014020014790667187
128.0,0.25,rbf,0.6474820143884892,0.022569632287438426,0.6490622711964799,0.021822988611234245
128.0,0.5,rbf,0.6474820143884892,0.02268364356250657,0.6491438705668361,0.021703081170458497
128.0,1.0,rbf,0.5635491606714629,0.08798918635529343,0.5454793024030317,0.1132510022059032
128.0,2.0,rbf,0.5107913669064749,0.05077519588582722,0.4063473324140965,0.0562502795342866
128.0,4.0,rbf,0.5419664268585132,0.05665736644518458,0.33574172981455885,0.17413416070005178
128.0,8.0,rbf,0.5491606714628298,0.054082439713553865,0.15831465736501704,0.19716646837088547
128.0,16.0,rbf,0.5515587529976019,0.0523561074813834,0.08901969333624009,0.17857484468351442
128.0,32.0,rbf,0.5539568345323741,0.05431765630348301,0.0,0.0
128.0,64.0,rbf,0.5539568345323741,0.05431765630348301,0.0,0.0
128.0,128.0,rbf,0.5539568345323741,0.05431765630348301,0.0,0.0
128.0,256.0,rbf,0.5539568345323741,0.05431765630348301,0.0,0.0
128.0,512.0,rbf,0.5539568345323741,0.05431765630348301,0.0,0.0
128.0,1024.0,rbf,0.5539568345323741,0.05431765630348301,0.0,0.0
128.0,2048.0,rbf,0.5539568345323741,0.05431765630348301,0.0,0.0
128.0,4096.0,rbf,0.5539568345323741,0.05431765630348301,0.0,0.0
128.0,8192.0,rbf,0.5539568345323741,0.05431765630348301,0.0,0.0
128.0,16384.0,rbf,0.5539568345323741,0.05431765630348301,0.0,0.0
128.0,32768.0,rbf,0.5539568345323741,0.05431765630348301,0.0,0.0
256.0,3.0517578125e-05,rbf,0.6882494004796164,0.032212264833516004,0.6551974371960553,0.03969201407912319
256.0,6.103515625e-05,rbf,0.6906474820143885,0.03502743546790215,0.6584726597814898,0.042895923822037066
256.0,0.0001220703125,rbf,0.6858513189448441,0.030586817317480895,0.6522459310294221,0.03676334881944013
256.0,0.000244140625,rbf,0.6858513189448441,0.02892813830608986,0.6517085701966879,0.036663768311714716
256.0,0.00048828125,rbf,0.6714628297362111,0.035403789944105944,0.6353160764218686,0.047882800361276574
256.0,0.0009765625,rbf,0.6642685851318945,0.033921071139414165,0.6338109915875264,0.03927104548098192
256.0,0.001953125,rbf,0.6810551558752997,0.030458033901203718,0.661431796637318,0.03489807043562285
256.0,0.00390625,rbf,0.6858513189448441,0.037433591338806894,0.6700272862172127,0.044191103146921686
256.0,0.0078125,rbf,0.6690647482014388,0.04252801977503485,0.6576713325667939,0.049057516596721466
256.0,0.015625,rbf,0.6762589928057554,0.037623917801461015,0.6708507580575289,0.040774164305711
256.0,0.03125,rbf,0.645083932853717,0.017718364900959915,0.6432137765568074,0.01848424007077741
256.0,0.0625,rbf,0.657074340527578,0.05209940539593523,0.6575854377825975,0.05277803164611952
256.0,0.125,rbf,0.6330935251798561,0.040505327253662585,0.6344340793165084,0.04147827645183533
256.0,0.25,rbf,0.6474820143884892,0.022569632287438426,0.6490622711964799,0.021822988611234245
256.0,0.5,rbf,0.6474820143884892,0.02268364356250657,0.6491438705668361,0.021703081170458497
256.0,1.0,rbf,0.5635491606714629,0.08798918635529343,0.5454793024030317,0.1132510022059032
256.0,2.0,rbf,0.5107913669064749,0.05077519588582722,0.4063473324140965,0.0562502795342866
256.0,4.0,rbf,0.5419664268585132,0.05665736644518458,0.33574172981455885,0.17413416070005178
256.0,8.0,rbf,0.5491606714628298,0.054082439713553865,0.15831465736501704,0.19716646837088547
256.0,16.0,rbf,0.5515587529976019,0.0523561074813834,0.08901969333624009,0.17857484468351442
256.0,32.0,rbf,0.5539568345323741,0.05431765630348301,0.0,0.0
256.0,64.0,rbf,0.5539568345323741,0.05431765630348301,0.0,0.0
256.0,128.0,rbf,0.5539568345323741,0.05431765630348301,0.0,0.0
256.0,256.0,rbf,0.5539568345323741,0.05431765630348301,0.0,0.0
256.0,512.0,rbf,0.5539568345323741,0.05431765630348301,0.0,0.0
256.0,1024.0,rbf,0.5539568345323741,0.05431765630348301,0.0,0.0
256.0,2048.0,rbf,0.5539568345323741,0.05431765630348301,0.0,0.0
256.0,4096.0,rbf,0.5539568345323741,0.05431765630348301,0.0,0.0
256.0,8192.0,rbf,0.5539568345323741,0.05431765630348301,0.0,0.0
256.0,16384.0,rbf,0.5539568345323741,0.05431765630348301,0.0,0.0
256.0,32768.0,rbf,0.5539568345323741,0.05431765630348301,0.0,0.0
512.0,3.0517578125e-05,rbf,0.6930455635491607,0.038242593692637016,0.6616616712469311,0.0466974775440967
512.0,6.103515625e-05,rbf,0.6906474820143885,0.03502743546790215,0.6584726597814898,0.042895923822037066
512.0,0.0001220703125,rbf,0.6810551558752997,0.03941260065176213,0.6452641198599599,0.04963001142578585
512.0,0.000244140625,rbf,0.6858513189448441,0.03267992617418173,0.6526720168090622,0.041219418723228776
512.0,0.00048828125,rbf,0.6690647482014388,0.0335950248827764,0.6352862956660655,0.04624824343221373
512.0,0.0009765625,rbf,0.6690647482014388,0.037172294200639534,0.6417549944977633,0.04568065934310756
512.0,0.001953125,rbf,0.6858513189448441,0.024750272224835074,0.6685934446615325,0.02962996588161153
512.0,0.00390625,rbf,0.6738609112709832,0.04015793844254408,0.6576496256894465,0.045871611900273335
512.0,0.0078125,rbf,0.6738609112709832,0.041522315776669816,0.6647158263160665,0.04661186844579706
512.0,0.015625,rbf,0.6738609112709832,0.03052247326327995,0.6685319048731106,0.034648292537700374
512.0,0.03125,rbf,0.6330935251798561,0.02142052086533891,0.6319182567076503,0.023995714817191368
512.0,0.0625,rbf,0.6402877697841727,0.046190473149106834,0.6406074664954102,0.04795052943186292
512.0,0.125,rbf,0.6258992805755396,0.03695795630202102,0.6272784012976212,0.038161313837155236
512.0,0.25,rbf,0.6474820143884892,0.022569632287438426,0.6490622711964799,0.021822988611234245
512.0,0.5,rbf,0.6474820143884892,0.02268364356250657,0.6491438705668361,0.021703081170458497
512.0,1.0,rbf,0.5635491606714629,0.08798918635529343,0.5454793024030317,0.1132510022059032
512.0,2.0,rbf,0.5107913669064749,0.05077519588582722,0.4063473324140965,0.0562502795342866
512.0,4.0,rbf,0.5419664268585132,0.05665736644518458,0.33574172981455885,0.17413416070005178
512.0,8.0,rbf,0.5491606714628298,0.054082439713553865,0.15831465736501704,0.19716646837088547
512.0,16.0,rbf,0.5515587529976019,0.0523561074813834,0.08901969333624009,0.17857484468351442
512.0,32.0,rbf,0.5539568345323741,0.05431765630348301,0.0,0.0
512.0,64.0,rbf,0.5539568345323741,0.05431765630348301,0.0,0.0
512.0,128.0,rbf,0.5539568345323741,0.05431765630348301,0.0,0.0
512.0,256.0,rbf,0.5539568345323741,0.05431765630348301,0.0,0.0
512.0,512.0,rbf,0.5539568345323741,0.05431765630348301,0.0,0.0
512.0,1024.0,rbf,0.5539568345323741,0.05431765630348301,0.0,0.0
512.0,2048.0,rbf,0.5539568345323741,0.05431765630348301,0.0,0.0
512.0,4096.0,rbf,0.5539568345323741,0.05431765630348301,0.0,0.0
512.0,8192.0,rbf,0.5539568345323741,0.05431765630348301,0.0,0.0
512.0,16384.0,rbf,0.5539568345323741,0.05431765630348301,0.0,0.0
512.0,32768.0,rbf,0.5539568345323741,0.05431765630348301,0.0,0.0
1024.0,3.0517578125e-05,rbf,0.6906474820143885,0.03502743546790215,0.6584726597814898,0.042895923822037066
1024.0,6.103515625e-05,rbf,0.6858513189448441,0.030586817317480895,0.6522459310294221,0.03676334881944013
1024.0,0.0001220703125,rbf,0.6834532374100719,0.026893474741464914,0.6487570640300548,0.0331621006067351
1024.0,0.000244140625,rbf,0.6738609112709832,0.034053871039765,0.6364566725459418,0.04477551484132766
1024.0,0.00048828125,rbf,0.6642685851318945,0.031573555922028124,0.6317812435233482,0.04132322432595447
1024.0,0.0009765625,rbf,0.6714628297362111,0.03604406855098706,0.6473481727964829,0.04241028224617018
1024.0,0.001953125,rbf,0.6858513189448441,0.039681595887654006,0.6685003785444887,0.04522066277412208
1024.0,0.00390625,rbf,0.6642685851318945,0.04386573446817693,0.6499344304409952,0.05114526324017118
1024.0,0.0078125,rbf,0.6738609112709832,0.04751402929701963,0.6685238013251358,0.048801635498494304
1024.0,0.015625,rbf,0.657074340527578,0.015242720665912571,0.6518115059393657,0.0199773116109708
1024.0,0.03125,rbf,0.6378896882494005,0.03744482739801063,0.6374202251060845,0.03866754491964742
1024.0,0.0625,rbf,0.6139088729016786,0.05290622212489195,0.6143561495067893,0.05539093205278305
1024.0,0.125,rbf,0.6258992805755396,0.03695795630202102,0.6272784012976212,0.038161313837155236
1024.0,0.25,rbf,0.6474820143884892,0.022569632287438426,0.6490622711964799,0.021822988611234245
1024.0,0.5,rbf,0.6474820143884892,0.02268364356250657,0.6491438705668361,0.021703081170458497
1024.0,1.0,rbf,0.5635491606714629,0.08798918635529343,0.5454793024030317,0.1132510022059032
1024.0,2.0,rbf,0.5107913669064749,0.05077519588582722,0.4063473324140965,0.0562502795342866
1024.0,4.0,rbf,0.5419664268585132,0.05665736644518458,0.33574172981455885,0.17413416070005178
1024.0,8.0,rbf,0.5491606714628298,0.054082439713553865,0.15831465736501704,0.19716646837088547
1024.0,16.0,rbf,0.5515587529976019,0.0523561074813834,0.08901969333624009,0.17857484468351442
1024.0,32.0,rbf,0.5539568345323741,0.05431765630348301,0.0,0.0
1024.0,64.0,rbf,0.5539568345323741,0.05431765630348301,0.0,0.0
1024.0,128.0,rbf,0.5539568345323741,0.05431765630348301,0.0,0.0
1024.0,256.0,rbf,0.5539568345323741,0.05431765630348301,0.0,0.0
1024.0,512.0,rbf,0.5539568345323741,0.05431765630348301,0.0,0.0
1024.0,1024.0,rbf,0.5539568345323741,0.05431765630348301,0.0,0.0
1024.0,2048.0,rbf,0.5539568345323741,0.05431765630348301,0.0,0.0
1024.0,4096.0,rbf,0.5539568345323741,0.05431765630348301,0.0,0.0
1024.0,8192.0,rbf,0.5539568345323741,0.05431765630348301,0.0,0.0
1024.0,16384.0,rbf,0.5539568345323741,0.05431765630348301,0.0,0.0
1024.0,32768.0,rbf,0.5539568345323741,0.05431765630348301,0.0,0.0
2048.0,3.0517578125e-05,rbf,0.6906474820143885,0.03502743546790215,0.6584726597814898,0.042895923822037066
2048.0,6.103515625e-05,rbf,0.6834532374100719,0.03495218801766006,0.6487993366973481,0.04303467589492176
2048.0,0.0001220703125,rbf,0.6858513189448441,0.03267992617418173,0.6526720168090622,0.041219418723228776
2048.0,0.000244140625,rbf,0.6714628297362111,0.0323369318200054,0.6365777500579517,0.0438447507873346
2048.0,0.00048828125,rbf,0.6666666666666666,0.033624290979726155,0.6366793001411499,0.03965282327987636
2048.0,0.0009765625,rbf,0.6714628297362111,0.02764009425757217,0.6483800179226835,0.033762022482703734
2048.0,0.001953125,rbf,0.6786570743405276,0.04276487442268618,0.6627677534094927,0.0478770430241036
2048.0,0.00390625,rbf,0.6666666666666666,0.04011283822596928,0.654539669541376,0.04948163122614018
2048.0,0.0078125,rbf,0.6666666666666666,0.046011597490546535,0.6614400346062315,0.04763175433085744
2048.0,0.015625,rbf,0.6498800959232613,0.019413715750502224,0.648228428144616,0.020938815224115316
2048.0,0.03125,rbf,0.645083932853717,0.03097107317737785,0.6450050507328534,0.03193227179929803
2048.0,0.0625,rbf,0.6235011990407674,0.03803949229617621,0.6236558689324934,0.040623605832139566
2048.0,0.125,rbf,0.6258992805755396,0.03695795630202102,0.6272784012976212,0.038161313837155236
2048.0,0.25,rbf,0.6474820143884892,0.022569632287438426,0.6490622711964799,0.021822988611234245
2048.0,0.5,rbf,0.6474820143884892,0.02268364356250657,0.6491438705668361,0.021703081170458497
2048.0,1.0,rbf,0.5635491606714629,0.08798918635529343,0.5454793024030317,0.1132510022059032
2048.0,2.0,rbf,0.5107913669064749,0.05077519588582722,0.4063473324140965,0.0562502795342866
2048.0,4.0,rbf,0.5419664268585132,0.05665736644518458,0.33574172981455885,0.17413416070005178
2048.0,8.0,rbf,0.5491606714628298,0.054082439713553865,0.15831465736501704,0.19716646837088547
2048.0,16.0,rbf,0.5515587529976019,0.0523561074813834,0.08901969333624009,0.17857484468351442
2048.0,32.0,rbf,0.5539568345323741,0.05431765630348301,0.0,0.0
2048.0,64.0,rbf,0.5539568345323741,0.05431765630348301,0.0,0.0
2048.0,128.0,rbf,0.5539568345323741,0.05431765630348301,0.0,0.0
2048.0,256.0,rbf,0.5539568345323741,0.05431765630348301,0.0,0.0
2048.0,512.0,rbf,0.5539568345323741,0.05431765630348301,0.0,0.0
2048.0,1024.0,rbf,0.5539568345323741,0.05431765630348301,0.0,0.0
2048.0,2048.0,rbf,0.5539568345323741,0.05431765630348301,0.0,0.0
2048.0,4096.0,rbf,0.5539568345323741,0.05431765630348301,0.0,0.0
2048.0,8192.0,rbf,0.5539568345323741,0.05431765630348301,0.0,0.0
2048.0,16384.0,rbf,0.5539568345323741,0.05431765630348301,0.0,0.0
2048.0,32768.0,rbf,0.5539568345323741,0.05431765630348301,0.0,0.0
4096.0,3.0517578125e-05,rbf,0.6858513189448441,0.030586817317480895,0.6522459310294221,0.03676334881944013
4096.0,6.103515625e-05,rbf,0.6834532374100719,0.026893474741464914,0.6487570640300548,0.0331621006067351
4096.0,0.0001220703125,rbf,0.6786570743405276,0.03731882345299853,0.6413784314719198,0.0485658852151918
4096.0,0.000244140625,rbf,0.6738609112709832,0.03729351849432618,0.6417781939066781,0.05024199803939342
4096.0,0.00048828125,rbf,0.6618705035971223,0.02502093696962104,0.6311918751239917,0.031755414095127
4096.0,0.0009765625,rbf,0.6786570743405276,0.024414867266108503,0.6587746094832371,0.026736346675082987
4096.0,0.001953125,rbf,0.6690647482014388,0.049216411542011215,0.6524966577535356,0.05325034525181263
4096.0,0.00390625,rbf,0.6642685851318945,0.044302664237961566,0.6544814409746333,0.04909574330977405
4096.0,0.0078125,rbf,0.6762589928057554,0.025981063355835287,0.6709386523405519,0.028243944544913545
4096.0,0.015625,rbf,0.6474820143884892,0.015648766667957892,0.6453182079269509,0.01772506607967155
4096.0,0.03125,rbf,0.6402877697841727,0.04285299650820426,0.6400355772737805,0.04392600582701441
4096.0,0.0625,rbf,0.6091127098321343,0.03984445649862095,0.6084940562136221,0.04353964458904497
4096.0,0.125,rbf,0.6258992805755396,0.03695795630202102,0.6272784012976212,0.038161313837155236
4096.0,0.25,rbf,0.6474820143884892,0.022569632287438426,0.6490622711964799,0.021822988611234245
4096.0,0.5,rbf,0.6474820143884892,0.02268364356250657,0.6491438705668361,0.021703081170458497
4096.0,1.0,rbf,0.5635491606714629,0.08798918635529343,0.5454793024030317,0.1132510022059032
4096.0,2.0,rbf,0.5107913669064749,0.05077519588582722,0.4063473324140965,0.0562502795342866
4096.0,4.0,rbf,0.5419664268585132,0.05665736644518458,0.33574172981455885,0.17413416070005178
4096.0,8.0,rbf,0.5491606714628298,0.054082439713553865,0.15831465736501704,0.19716646837088547
4096.0,16.0,rbf,0.5515587529976019,0.0523561074813834,0.08901969333624009,0.17857484468351442
4096.0,32.0,rbf,0.5539568345323741,0.05431765630348301,0.0,0.0
4096.0,64.0,rbf,0.5539568345323741,0.05431765630348301,0.0,0.0
4096.0,128.0,rbf,0.5539568345323741,0.05431765630348301,0.0,0.0
4096.0,256.0,rbf,0.5539568345323741,0.05431765630348301,0.0,0.0
4096.0,512.0,rbf,0.5539568345323741,0.05431765630348301,0.0,0.0
4096.0,1024.0,rbf,0.5539568345323741,0.05431765630348301,0.0,0.0
4096.0,2048.0,rbf,0.5539568345323741,0.05431765630348301,0.0,0.0
4096.0,4096.0,rbf,0.5539568345323741,0.05431765630348301,0.0,0.0
4096.0,8192.0,rbf,0.5539568345323741,0.05431765630348301,0.0,0.0
4096.0,16384.0,rbf,0.5539568345323741,0.05431765630348301,0.0,0.0
4096.0,32768.0,rbf,0.5539568345323741,0.05431765630348301,0.0,0.0
8192.0,3.0517578125e-05,rbf,0.6834532374100719,0.03495218801766006,0.6487993366973481,0.04303467589492176
8192.0,6.103515625e-05,rbf,0.6834532374100719,0.03022363747185728,0.6493036964543462,0.038729207730541136
8192.0,0.0001220703125,rbf,0.6762589928057554,0.03632149081960597,0.6394081787125749,0.048186752143141484
8192.0,0.000244140625,rbf,0.6714628297362111,0.04142111925327208,0.6394965071349036,0.05423817720906597
8192.0,0.00048828125,rbf,0.6618705035971223,0.033507073220882484,0.6333509478242998,0.04004400981883804
8192.0,0.0009765625,rbf,0.6810551558752997,0.028449428173228142,0.6617121623835752,0.03676530253123455
8192.0,0.001953125,rbf,0.6786570743405276,0.05297189588362588,0.6623486447771517,0.05804535899121418
8192.0,0.00390625,rbf,0.6642685851318945,0.04996204890876789,0.6560282160596921,0.05396396147060056
8192.0,0.0078125,rbf,0.6690647482014388,0.01649751514272074,0.6637100913663511,0.016890595270300155
8192.0,0.015625,rbf,0.6426858513189448,0.04354217862468555,0.6411166696078018,0.045538965761107435
8192.0,0.03125,rbf,0.6163069544364509,0.045950758466331315,0.6165466286316832,0.0474474353174934
8192.0,0.0625,rbf,0.6067146282973621,0.03908070234404205,0.6054657010099225,0.04269490581170335
8192.0,0.125,rbf,0.6258992805755396,0.03695795630202102,0.6272784012976212,0.038161313837155236
8192.0,0.25,rbf,0.6474820143884892,0.022569632287438426,0.6490622711964799,0.021822988611234245
8192.0,0.5,rbf,0.6474820143884892,0.02268364356250657,0.6491438705668361,0.021703081170458497
8192.0,1.0,rbf,0.5635491606714629,0.08798918635529343,0.5454793024030317,0.1132510022059032
8192.0,2.0,rbf,0.5107913669064749,0.05077519588582722,0.4063473324140965,0.0562502795342866
8192.0,4.0,rbf,0.5419664268585132,0.05665736644518458,0.33574172981455885,0.17413416070005178
8192.0,8.0,rbf,0.5491606714628298,0.054082439713553865,0.15831465736501704,0.19716646837088547
8192.0,16.0,rbf,0.5515587529976019,0.0523561074813834,0.08901969333624009,0.17857484468351442
8192.0,32.0,rbf,0.5539568345323741,0.05431765630348301,0.0,0.0
8192.0,64.0,rbf,0.5539568345323741,0.05431765630348301,0.0,0.0
8192.0,128.0,rbf,0.5539568345323741,0.05431765630348301,0.0,0.0
8192.0,256.0,rbf,0.5539568345323741,0.05431765630348301,0.0,0.0
8192.0,512.0,rbf,0.5539568345323741,0.05431765630348301,0.0,0.0
8192.0,1024.0,rbf,0.5539568345323741,0.05431765630348301,0.0,0.0
8192.0,2048.0,rbf,0.5539568345323741,0.05431765630348301,0.0,0.0
8192.0,4096.0,rbf,0.5539568345323741,0.05431765630348301,0.0,0.0
8192.0,8192.0,rbf,0.5539568345323741,0.05431765630348301,0.0,0.0
8192.0,16384.0,rbf,0.5539568345323741,0.05431765630348301,0.0,0.0
8192.0,32768.0,rbf,0.5539568345323741,0.05431765630348301,0.0,0.0
16384.0,3.0517578125e-05,rbf,0.6834532374100719,0.026893474741464914,0.6487570640300548,0.0331621006067351
16384.0,6.103515625e-05,rbf,0.6786570743405276,0.03731882345299853,0.6413784314719198,0.0485658852151918
16384.0,0.0001220703125,rbf,0.6738609112709832,0.03379532849786627,0.6398666080313429,0.045460998357125235
16384.0,0.000244140625,rbf,0.6642685851318945,0.030374237579894717,0.6325973253218677,0.03914247910789896
16384.0,0.00048828125,rbf,0.6642685851318945,0.033353554953082405,0.640738055362322,0.04096269457001079
16384.0,0.0009765625,rbf,0.6738609112709832,0.03033596429998853,0.6562671674037833,0.0371605471032052
16384.0,0.001953125,rbf,0.6690647482014388,0.0569800375328287,0.6564981210129737,0.0639334997681269
16384.0,0.00390625,rbf,0.6714628297362111,0.05243054159528174,0.6652878143739904,0.05493310908509148
16384.0,0.0078125,rbf,0.645083932853717,0.010825708155787522,0.6415666128260614,0.010473978931350143
16384.0,0.015625,rbf,0.645083932853717,0.04080033213542692,0.6443637511694531,0.04232982372933857
16384.0,0.03125,rbf,0.6115107913669064,0.03245532599786398,0.6116810543204908,0.03334087643739394
16384.0,0.0625,rbf,0.6067146282973621,0.03908070234404205,0.6054657010099225,0.04269490581170335
16384.0,0.125,rbf,0.6258992805755396,0.03695795630202102,0.6272784012976212,0.038161313837155236
16384.0,0.25,rbf,0.6474820143884892,0.022569632287438426,0.6490622711964799,0.021822988611234245
16384.0,0.5,rbf,0.6474820143884892,0.02268364356250657,0.6491438705668361,0.021703081170458497
16384.0,1.0,rbf,0.5635491606714629,0.08798918635529343,0.5454793024030317,0.1132510022059032
16384.0,2.0,rbf,0.5107913669064749,0.05077519588582722,0.4063473324140965,0.0562502795342866
16384.0,4.0,rbf,0.5419664268585132,0.05665736644518458,0.33574172981455885,0.17413416070005178
16384.0,8.0,rbf,0.5491606714628298,0.054082439713553865,0.15831465736501704,0.19716646837088547
16384.0,16.0,rbf,0.5515587529976019,0.0523561074813834,0.08901969333624009,0.17857484468351442
16384.0,32.0,rbf,0.5539568345323741,0.05431765630348301,0.0,0.0
16384.0,64.0,rbf,0.5539568345323741,0.05431765630348301,0.0,0.0
16384.0,128.0,rbf,0.5539568345323741,0.05431765630348301,0.0,0.0
16384.0,256.0,rbf,0.5539568345323741,0.05431765630348301,0.0,0.0
16384.0,512.0,rbf,0.5539568345323741,0.05431765630348301,0.0,0.0
16384.0,1024.0,rbf,0.5539568345323741,0.05431765630348301,0.0,0.0
16384.0,2048.0,rbf,0.5539568345323741,0.05431765630348301,0.0,0.0
16384.0,4096.0,rbf,0.5539568345323741,0.05431765630348301,0.0,0.0
16384.0,8192.0,rbf,0.5539568345323741,0.05431765630348301,0.0,0.0
16384.0,16384.0,rbf,0.5539568345323741,0.05431765630348301,0.0,0.0
16384.0,32768.0,rbf,0.5539568345323741,0.05431765630348301,0.0,0.0
32768.0,3.0517578125e-05,rbf,0.6858513189448441,0.03086109817072483,0.6526520240096519,0.03919893084311832
32768.0,6.103515625e-05,rbf,0.6786570743405276,0.03731882345299853,0.6413784314719198,0.0485658852151918
32768.0,0.0001220703125,rbf,0.6762589928057554,0.03937500583177639,0.6445685019598261,0.05324673551372993
32768.0,0.000244140625,rbf,0.6690647482014388,0.021058479149319256,0.6396024348410583,0.028405791999046724
32768.0,0.00048828125,rbf,0.6642685851318945,0.03341537273400999,0.6430399754347809,0.03327395850006283
32768.0,0.0009765625,rbf,0.6666666666666666,0.05850120661011887,0.6473302348599057,0.06503139244811369
32768.0,0.001953125,rbf,0.657074340527578,0.04250054722957471,0.6456776235349877,0.04891520959719177
32768.0,0.00390625,rbf,0.6714628297362111,0.025825924908335983,0.6643302020074525,0.02806710286794159
32768.0,0.0078125,rbf,0.6354916067146283,0.02600705180335968,0.6331634978572247,0.027591929849263456
32768.0,0.015625,rbf,0.6282973621103117,0.05487532128705822,0.6275614529335857,0.05608445476795625
32768.0,0.03125,rbf,0.6163069544364509,0.03784834621559922,0.6165956230646644,0.0394899045301465
32768.0,0.0625,rbf,0.6067146282973621,0.03908070234404205,0.6054657010099225,0.04269490581170335
32768.0,0.125,rbf,0.6258992805755396,0.03695795630202102,0.6272784012976212,0.038161313837155236
32768.0,0.25,rbf,0.6474820143884892,0.022569632287438426,0.6490622711964799,0.021822988611234245
32768.0,0.5,rbf,0.6474820143884892,0.02268364356250657,0.6491438705668361,0.021703081170458497
32768.0,1.0,rbf,0.5635491606714629,0.08798918635529343,0.5454793024030317,0.1132510022059032
32768.0,2.0,rbf,0.5107913669064749,0.05077519588582722,0.4063473324140965,0.0562502795342866
32768.0,4.0,rbf,0.5419664268585132,0.05665736644518458,0.33574172981455885,0.17413416070005178
32768.0,8.0,rbf,0.5491606714628298,0.054082439713553865,0.15831465736501704,0.19716646837088547
32768.0,16.0,rbf,0.5515587529976019,0.0523561074813834,0.08901969333624009,0.17857484468351442
32768.0,32.0,rbf,0.5539568345323741,0.05431765630348301,0.0,0.0
32768.0,64.0,rbf,0.5539568345323741,0.05431765630348301,0.0,0.0
32768.0,128.0,rbf,0.5539568345323741,0.05431765630348301,0.0,0.0
32768.0,256.0,rbf,0.5539568345323741,0.05431765630348301,0.0,0.0
32768.0,512.0,rbf,0.5539568345323741,0.05431765630348301,0.0,0.0
32768.0,1024.0,rbf,0.5539568345323741,0.05431765630348301,0.0,0.0
32768.0,2048.0,rbf,0.5539568345323741,0.05431765630348301,0.0,0.0
32768.0,4096.0,rbf,0.5539568345323741,0.05431765630348301,0.0,0.0
32768.0,8192.0,rbf,0.5539568345323741,0.05431765630348301,0.0,0.0
32768.0,16384.0,rbf,0.5539568345323741,0.05431765630348301,0.0,0.0
32768.0,32768.0,rbf,0.5539568345323741,0.05431765630348301,0.0,0.0
