n_harmonics,base_freq,instruments
1,4.755515082410556,[<ufunc 'sin'>]
x,y
-2.9991606150258447,-0.8607589037806018
-2.9986081078835243,-0.8737044070485589
-2.9974485846516767,-0.8749771292256173
-2.9896789677402076,-0.8776708192330576
-2.9810652630344854,-0.9098679793175308
-2.9802967265833464,-0.8949785912295284
-2.9671115016564897,-0.9197851302395085
-2.9649124114059635,-0.9335472893495691
-2.9626349037413195,-0.9309740742535312
-2.944039991140472,-0.9611509484139422
-2.9340443863492447,-0.981777721334633
-2.925152677544322,-0.9942308012147137
-2.904887044965746,-0.9677300737690022
-2.8998265790236197,-1.0008143381480514
-2.8979606274837098,-1.0114818080120451
-2.8706355913723356,-0.9854788329061545
-2.8703699528964,-1.0214381131994956
-2.8648462677639186,-0.9870920022716299
-2.863670516601294,-0.973761803897381
-2.8600775551593456,-0.9947388988131505
-2.854290678170106,-0.9937858903720517
-2.8500463116791575,-0.9651072034336574
-2.845702894161307,-0.9620489476908765
-2.8408181115278435,-0.9697167498806751
-2.8318706710299466,-0.9668742762789307
-2.831768948984673,-0.9570496634974467
-2.8312725713042046,-0.9674484581593221
-2.830498658495718,-0.9581000585010007
-2.828473308419651,-0.9524568737638357
-2.826967600062225,-0.9520572820356964
-2.793267110695891,-0.9056074063085184
-2.7722455894127185,-0.847472720473196
-2.7643957780239603,-0.8167868137212223
-2.756397884918702,-0.8245947040519112
-2.7537609545602013,-0.8098845968788325
-2.751419705311747,-0.7846954628740688
-2.743052238216498,-0.7701198450873089
-2.740296333479486,-0.7647864310977746
-2.7371260118748113,-0.752750027160868
-2.730269425739723,-0.7158445359223319
-2.728938661414519,-0.7253114285544555
-2.701671392609453,-0.6309886466163295
-2.6999706958971554,-0.635684956095804
-2.692781111140132,-0.6072603110437821
-2.6922135025501124,-0.6062585212762555
-2.6759099129164863,-0.5378863002929327
-2.673635673610244,-0.5201935172924584
-2.6657462329580097,-0.500271598370211
-2.664764402935809,-0.4933719011192221
-2.659830235010874,-0.4713584049025094
-2.6454311830756145,-0.4184525076168654
-2.632813543909859,-0.3565922329685112
-2.6326290604627234,-0.35348108416939034
-2.6071879989566655,-0.22058062923692304
-2.6070337428498647,-0.23594558742965244
-2.6033705241998897,-0.20803947468476242
-2.5989290112070726,-0.20008712272997126
-2.5967717549032745,-0.18711863086119887
-2.594283757129456,-0.16890857769758372
-2.591937069929244,-0.1452348630024451
-2.580451031841325,-0.11888469919320939
-2.575131236256433,-0.06427407353764186
-2.5729642022312262,-0.07784441185301447
-2.5717664003487437,-0.06875707315727984
-2.5702074005922215,-0.08120604614545712
-2.5501314092165615,0.04573950329272814
-2.541545571460086,0.07729852179983797
-2.5408694597860197,0.06281732468579339
-2.5363588514162894,0.09671870847108928
-2.5328490359469265,0.10769296058675189
-2.5263645684797336,0.14566707150447553
-2.522188920844001,0.15159482781083136
-2.5218358678896338,0.1842039508243789
-2.509326248386795,0.22774953253221364
-2.495017242804544,0.3041211630646536
-2.489976942807039,0.3464499913425643
-2.45908046587574,0.4605858816445432
-2.4253250394137194,0.5857697343809929
-2.4249652150187613,0.6119014331938856
-2.423122079718725,0.5916518202130245
-2.4209294063846887,0.6080769181039305
-2.397313668586002,0.6869751394588849
-2.384604788025218,0.7480053171953942
-2.3726036606286187,0.768346623632715
-2.36394598430004,0.7991645324982296
-2.360989101892053,0.8100503966489577
-2.3337494186992975,0.8766284653440642
-2.330390185753268,0.8856623964654757
-2.327716252188423,0.9050700673864666
-2.327251410030668,0.9052868108514237
-2.3175868865804223,0.9067262243802576
-2.3033989843329126,0.9305455134506828
-2.294851461477286,0.9626864970441388
-2.2921698566851516,0.9595827307255208
-2.29156661356683,0.9368031998146582
-2.290979247133389,0.9492101398423936
-2.2895017400505053,0.9573681750536763
-2.28627827416279,0.9573202480082418
-2.2826866195599944,0.9479039015757074
-2.2789893269031047,0.983130455432536
-2.2776253326854583,0.9707047020902861
-2.2517417863238163,1.0000501725571727
-2.2509820078809915,1.00157257544944
-2.246044058646919,0.999129525361172
-2.2394073095914053,1.022070766445414
-2.238464050675873,0.9792411509002962
-2.232043479415113,0.9938648227407647
-2.228641625090231,0.9920057432275002
-2.219138216511337,1.008358625425744
-2.2156821905314352,1.0117257380443334
-2.214855606750712,0.9973208813699191
-2.2131706180665107,0.9931837767707906
-2.208317380501599,0.9962149520519922
-2.205551279875074,0.990811311109709
-2.196380539235991,1.0082404463204262
-2.194185462985322,0.9819715193575972
-2.18975404157946,0.9807314881890856
-2.1829624087077937,0.9797855606592226
-2.167094568861275,0.9786795277104532
-2.165049770636384,0.9487255433969588
-2.1525851041526307,0.9368438693557642
-2.1494110741665144,0.9242493710755099
-2.1398953794935602,0.897414054089768
-2.135103056918352,0.8911261752178938
-2.1343068257266244,0.9117987962813485
-2.1335034378772235,0.9043529703174509
-2.1227241516915285,0.8689270766366948
-2.113012317844966,0.8486253460216473
-2.1123913392022304,0.8564066218575171
-2.1086493936135318,0.8451415494293041
-2.1054553965753406,0.8354462913910908
-2.0988402605774814,0.8249975124314441
-2.09152152729473,0.7990971522504023
-2.0913206746578,0.7955287563469567
-2.0894507390699393,0.7894255657990955
-2.087742305353429,0.7888756606377366
-2.0866525900726653,0.7833817770259572
-2.0865179319792864,0.7952505594406024
-2.084247303262601,0.7872617666243512
-2.082316723494288,0.7701469977793308
-2.080936983439762,0.7667080369209678
-2.0704990861542694,0.7576813019812372
-2.0559066180479935,0.6868839570262301
-2.055045228656134,0.6801993803575687
-2.0527472137127325,0.6627536996512691
-2.0472803057362805,0.6695302167623884
-2.0201248349125436,0.5447826070676705
-2.0149235499102014,0.5302484210217132
-2.0058656311998195,0.4774282889423757
-2.0008277454558563,0.45922368391030144
-1.9879021973481124,0.41919547133925816
-1.9871840463862875,0.42213500960105343
-1.9822565821395026,0.39601342455491223
-1.9732275037455616,0.344230406172456
-1.968831734465896,0.3237414356279808
-1.9676824575854461,0.302727640665684
-1.9671294812247233,0.33580888555217775
-1.9669319918617176,0.31462293611918224
-1.9630829297683081,0.310978963858705
-1.9559370005200902,0.2677110846884557
-1.9497488448115385,0.25328243738097705
-1.9352620555939468,0.17900729475654314
-1.9282610042135535,0.1445129286352227
-1.9242463166438128,0.12071264461149933
-1.92421287414068,0.11687062718095687
-1.9219967615531635,0.11611732463087188
-1.9186064473936588,0.08288391700608037
-1.9097802813071003,0.05396257393329837
-1.904656334591198,0.023590141074877044
-1.9045446565581847,0.03719010646263687
-1.904422251904238,0.016917175832954476
-1.8930394293263126,-0.022363626226995458
-1.88978537574181,-0.03614251468242373
-1.8823526608273706,-0.09512431944351021
-1.8762061471459581,-0.1122978598271222
-1.8752281689088681,-0.11515029145847533
-1.865549355150924,-0.1540961000833898
-1.8650262805857427,-0.1601639025017099
-1.8647961171060894,-0.13015752086667443
-1.8626300357112588,-0.16462301027949372
-1.8417188825438255,-0.2632616433363148
-1.828056197586297,-0.33098368491512975
-1.8234463578051883,-0.3394541867757677
-1.8206650587627877,-0.354786128571362
-1.819227505710458,-0.38079526135312947
-1.8161970399903131,-0.38448257944702996
-1.815821034552589,-0.37918249437522705
-1.81260571169822,-0.392887532702795
-1.789060317070168,-0.5005462826795458
-1.7880892687201848,-0.49074566876563236
-1.7803401876973277,-0.5424638841588806
-1.7797093269630944,-0.5289217403921576
-1.7707090375274839,-0.5697884044871679
-1.7645633586232274,-0.5859877287867854
-1.7636439444274838,-0.585741614806562
-1.7589758992851903,-0.6072370675016731
-1.746082503961014,-0.6451330100112155
-1.7268404052189017,-0.7313685404837614
-1.7266341545360444,-0.7254530561328236
-1.717129328561125,-0.7635178309856986
-1.7090677716806384,-0.7797528598309499
-1.6937153898243422,-0.8186763768790755
-1.686550605105279,-0.8430632799017207
-1.6779705424983238,-0.8575041390819159
-1.6734318662358396,-0.8842118376455018
-1.6655192522658886,-0.8847772738818097
-1.653913575576119,-0.9091968089269927
-1.6531021790933675,-0.9085289236622826
-1.650503309247115,-0.9271428713845207
-1.65019036029724,-0.9274028597267814
-1.6231422674874738,-0.9583597650340095
-1.6230436047207366,-0.955639204420676
-1.6225386877389136,-0.9864399916052204
-1.6208193625651899,-0.9596623347332353
-1.6047990046331035,-0.9923005805757468
-1.5985068200255568,-0.9841819129797272
-1.5945968531982837,-0.9950254197916772
-1.593475859075419,-0.9978293254420424
-1.5774225082919064,-1.0071330885378968
-1.5691688841858957,-1.0041684665245836
-1.5644298469057991,-1.0109282321449067
-1.5578882863124344,-0.9885624168340221
-1.5559818758676962,-1.0041674940731786
-1.5544092603160227,-1.0011126810552498
-1.5462308172700068,-0.9851025610108146
-1.5390655223640861,-0.9848224513914694
-1.538763937851495,-0.9746253666228715
-1.5304125632088152,-0.9844961181098457
-1.5275032845901482,-0.9766134720365397
-1.5170100031740912,-0.9581643249019973
-1.5138853399369283,-0.9792276325665249
-1.499999912095413,-0.9533738635928977
-1.4969717506770688,-0.9328739197591525
-1.4950364880195024,-0.9473075767801323
-1.4939907061785256,-0.9427840977198105
-1.4924106393161376,-0.9418034694778205
-1.49145035916876,-0.9334086236403577
-1.4839122399392126,-0.9216768631894854
-1.476450378952421,-0.9105147275737945
-1.450206479796317,-0.8705026119841661
-1.4319872021047693,-0.793859513071801
-1.4312900186817863,-0.8049632433728263
-1.4266900438234982,-0.7687521017444708
-1.4245809393655462,-0.775193609522257
-1.421715520917801,-0.7642313166046506
-1.4210450225821558,-0.7671873637889408
-1.4187819132150785,-0.7698001239030856
-1.4000155927626734,-0.7050731767015438
-1.395164256880133,-0.6765175867843322
-1.3883146242597968,-0.6557832489961203
-1.385317123503114,-0.6541845705510841
-1.3850230106018486,-0.6563353651962616
-1.3847222439072508,-0.649477137713071
-1.3689025065175866,-0.584238926007002
-1.3647962270231973,-0.5783544707513458
-1.3601854193535532,-0.5530971102551168
-1.353131781110784,-0.5385076826720198
-1.3510302327592019,-0.5082078930887731
-1.3489138213001277,-0.5220487804112021
-1.3476198922654523,-0.510034235577581
-1.3460986255500644,-0.5080596953241434
-1.3459238763175254,-0.5029475866173971
-1.3433091269056752,-0.48132908544525277
-1.3418890198682603,-0.47835664467982286
-1.3392475810249171,-0.4575473499082997
-1.3233316377028084,-0.40205736787892626
-1.308015408731306,-0.33984886407681797
-1.289163058204891,-0.2420064673237352
-1.2836794717386997,-0.21818358735118767
-1.278996481091569,-0.20583467342273756
-1.2757542135322428,-0.1909354510940322
-1.2749139100559852,-0.17413029414907613
-1.2661155209433923,-0.13185972549181518
-1.2640519900537155,-0.1446077643885286
-1.250970278992501,-0.06312896497491731
-1.229376148038889,0.029063697191961897
-1.22867724203688,0.03611295649836361
-1.2279009708598378,0.07001140830277484
-1.2276033883119064,0.034578940356887
-1.2269152092602766,0.057189600388206675
-1.2221002424308973,0.0750038597658503
-1.220560571153593,0.07332041335474244
-1.2117119847945579,0.09810380279265196
-1.2103038468461829,0.12906977274115777
-1.2083160360987417,0.1264437107028072
-1.1947876863639562,0.1842084409821074
-1.1935989844457318,0.2026379216860656
-1.1824420392788044,0.24645945891412527
-1.178255992530826,0.2800538125081627
-1.1757034127335615,0.29216495452745933
-1.1753027635004043,0.3131299497515844
-1.175045431811067,0.29161956191849037
-1.1735792732344767,0.28321235321481203
-1.1589778621784104,0.37236485721816015
-1.1384426427301049,0.45640277259555834
-1.1365022138003351,0.45775682798304124
-1.1295163282320853,0.492927991936022
-1.1113804849517628,0.5507681594775488
-1.0995843933285343,0.6143642587084424
-1.0986130762873325,0.6096553787724227
-1.0979392093307085,0.6115601798925053
-1.0932107415151928,0.6325964556283303
-1.0923917416027509,0.6426224018898655
-1.0770929265955338,0.6913901079175517
-1.073754353146819,0.7113098875173766
-1.0733408360814334,0.7123018497000472
-1.0724176272883488,0.6914488838940941
-1.0720582945717456,0.7169478179302436
-1.0715700654703928,0.7196287397784167
-1.0664540376225984,0.7189672690457148
-1.0658740505012807,0.7354141169438518
-1.0583073617699004,0.7515575040322956
-1.042129774153803,0.7898507247577585
-1.0401084329784176,0.8079356230534692
-1.0336053125876399,0.8149259883528789
-1.0140478999989042,0.8977878426250069
-1.009738449926502,0.8619020885317252
-1.0050118189416453,0.8771874635074439
-0.9958885409124711,0.9115288637494509
-0.9847045186245507,0.9356402708848524
-0.9838392509104108,0.9299197666717306
-0.9701969127462462,0.961496189182043
-0.9650134342828798,0.9703635270376082
-0.9486778215238592,0.9821610366086609
-0.9438982767841111,0.9637013697150456
-0.9427386581279311,0.9869775575196144
-0.9420477901292461,0.9948624338887152
-0.9410397036898455,1.0018712152255946
-0.933493704334853,0.9935540278613632
-0.9328066642059785,1.0075579484221677
-0.9271790866419485,0.9930261425434127
-0.922883794293285,0.9929885755682534
-0.911356009224547,1.0051505609686064
-0.8963417278043617,1.0089188820644774
-0.8875885099182681,0.9895221843834662
-0.8777119006439822,0.9831522457611237
-0.8766141625010886,0.9821863084132758
-0.8720286503073624,0.9823428148809771
-0.8673097985623697,0.9633189221962933
-0.8605591908360619,0.9829641562450124
-0.8552714851267016,0.9720172338885026
-0.836821456045151,0.9475587635016438
-0.8329494179026002,0.9368858494743547
-0.8301031844065827,0.9266681204506364
-0.8192705166965171,0.913073004971147
-0.8114758663748716,0.8846400860581369
-0.8103226279477242,0.8947958509838001
-0.8074849073067418,0.895006113834374
-0.8045271716923401,0.8802339868180551
-0.8044366133397371,0.8693046106239274
-0.8020283704721725,0.8887307530210088
-0.800130458564928,0.8776928109094302
-0.7933446512006208,0.8581369070507366
-0.7928426718262611,0.8593068592842633
-0.7917922505090518,0.8675381235032869
-0.7789909197258931,0.8161394032937063
-0.7730201069760012,0.7920041913575928
-0.766551705285436,0.8112517247945079
-0.7625625339977873,0.7706643357862529
-0.7503716671426961,0.7230736894128011
-0.7360838865730477,0.7002764275576226
-0.7352544462431005,0.696154800425623
-0.7347451274593557,0.6726963248766843
-0.7269762875794923,0.661812004685545
-0.7193178757741863,0.6294693039937297
-0.7100270420920154,0.570245173020378
-0.684524445568945,0.49425847196313294
-0.6703714931920137,0.43764062930209685
-0.6698640246925884,0.4247544758583333
-0.6677084472522896,0.4116827524974513
-0.6634830155187954,0.38137924085991154
-0.6626757161530845,0.3858155476054315
-0.6612688052845179,0.39587909361113405
-0.6515296170401443,0.346842732903031
-0.6467056268298594,0.3297238488074641
-0.6256231808508508,0.22014019710308205
-0.6245392147866018,0.22530617629976193
-0.6222991712423163,0.2114440198343446
-0.6190088983713844,0.21806673739658455
-0.6137501138486963,0.18929947389684024
-0.6105889741706512,0.16738273785931382
-0.6085467271105931,0.17212189309444925
-0.6068408187559973,0.12969095230793895
-0.55581172779935,-0.1052941066282726
-0.5533375957950595,-0.10488022724148072
-0.5497010750421794,-0.12271534861492898
-0.5486638262858303,-0.12897769067410844
-0.5441468567219916,-0.15452639503821428
-0.5408268932691476,-0.1771145891419195
-0.5396803641358527,-0.17896552751264025
-0.5319410826215187,-0.20195789749224713
-0.5316209300765937,-0.22635796824253562
-0.5277401396234342,-0.22690237670212698
-0.5217106716031177,-0.25901955351359707
-0.520010936663204,-0.2628530249544083
-0.5188839455240917,-0.29322093931518317
-0.5141695242831053,-0.29044514942073263
-0.511190572744435,-0.3145281922133285
-0.5027978131351469,-0.343382325553933
-0.5017394573262464,-0.36722050430209324
-0.4959988072046335,-0.3604216384582778
-0.4883754434017584,-0.41201492695412456
-0.485912137480605,-0.4113612970482621
-0.481987547906753,-0.42970294897979167
-0.47740226890343074,-0.4560373780730675
-0.469442319715327,-0.47504226807361744
-0.46769127060539795,-0.4930011027696026
-0.4618151199813294,-0.5298708112880682
-0.4597266848483734,-0.5009969568629157
-0.4436934044853311,-0.5949451506650134
-0.43551908208877244,-0.6189687613743482
-0.42736097311288423,-0.6571568129321792
-0.424648134868713,-0.6547679270782215
-0.415278349308414,-0.6716816944825581
-0.39725694333954564,-0.7672661303752679
-0.3946069363934108,-0.7535084208755185
-0.389255435144241,-0.7696003835506804
-0.38859288629610145,-0.7833875349691612
-0.3867353525934263,-0.7839148090608332
-0.38552115975924917,-0.7868518153323433
-0.38424108248718625,-0.8034600428629276
-0.3643432212812421,-0.8363719200008283
-0.35191819092237964,-0.8772932942279666
-0.35127900152513236,-0.8810303249009857
-0.35100827197876683,-0.8805064618499158
-0.3503268394934218,-0.8816876570322192
-0.34264865438842396,-0.9034260597303586
-0.33907005556219083,-0.888978277253717
-0.3313279498102695,-0.9127095018339645
-0.3302042973891548,-0.9134366356824245
-0.32653538899218804,-0.9174353604046287
-0.3191124714552389,-0.9359821050211916
-0.31863255745245356,-0.9513403219722295
-0.3162720312841292,-0.9344440863512733
-0.3109181846356561,-0.9516922687609896
-0.3072532657651985,-0.95913828471006
-0.2831482745909941,-0.9815114305774314
-0.28063289273644765,-0.978859023749558
-0.27242816853243834,-0.9981424659134905
-0.27014566188681055,-0.9958567350230743
-0.26708639264672973,-0.9984031613960365
-0.26246032728618474,-1.0014375973532466
-0.261385256627654,-0.9773140541557619
-0.2571736319335307,-0.9941700538622269
-0.2568089701507632,-0.9942372845487547
-0.24652458575628167,-1.017757295774002
-0.24383823295526863,-0.9916189180484933
-0.23607359427477093,-1.0004353868078857
-0.2324340901404649,-0.9937618263886863
-0.22988230423803913,-1.0169068548601952
-0.21942122808265907,-0.9981250147281558
-0.21910050052242536,-1.0006198582229784
-0.21809323994367258,-0.9830919417492234
-0.21772683507063562,-1.0100888973968942
-0.207159840667142,-0.977897376537695
-0.2003647900095067,-0.9740789857518505
-0.19907683360598938,-0.9705651542915722
-0.19731021700533358,-0.9712050403047972
-0.18934735866431796,-0.9541559272493318
-0.17383420542357086,-0.9438315677941382
-0.16820999197669462,-0.9328865671012233
-0.16389588504100638,-0.9138483866875033
-0.15490452582208647,-0.9055308493429947
-0.15240691425113262,-0.896307288364933
-0.1359207856953164,-0.8880342701091045
-0.13436556504563413,-0.8616851941303391
-0.1331586304701502,-0.8652824398279105
-0.13125793171734923,-0.8548092959310343
-0.12520280935611527,-0.8343030558336492
-0.11886255190129758,-0.8407446084066571
-0.1174885993452266,-0.8015936600961671
-0.10415312791669118,-0.7771960008125696
-0.09842408837480132,-0.7614610927493425
-0.09717896056179631,-0.7541790208003865
-0.09444676175961408,-0.7463136135177983
-0.09284576156332758,-0.7642031508819783
-0.08774377134301137,-0.7208289027911001
-0.07965511447704143,-0.6958374319588467
-0.07749255352241091,-0.7020939782291891
-0.0659806940366301,-0.6560776678503655
-0.06302343623329953,-0.6537260785189828
-0.06148623713118706,-0.6358093787520716
-0.05015653805057374,-0.5980695970958536
-0.04765999082352135,-0.5680115029416756
-0.031876989035815484,-0.5271723835186474
-0.022321988363386502,-0.4920690487620459
-0.021202528518750707,-0.4744255624517787
-0.01991048355237446,-0.46099705381923695
-0.013512603126685452,-0.4440239131533874
-0.008638942532238403,-0.4217859081151252
0.0007246500896496144,-0.3901614517312502
0.0025554749845060343,-0.3826374852524057
0.0027698465174310627,-0.36995107169789093
0.008253416713989381,-0.3450588289178932
0.0101906927765536,-0.33645456570751164
0.022118718652214042,-0.2985752599334909
0.033651357058807285,-0.24028095195840704
0.03408364334597547,-0.23797865818192426
0.0343605212818443,-0.24426068328455597
0.03675241683300712,-0.21448222562460112
0.04971641287037398,-0.1606751297215024
0.05020573248147597,-0.1490850100870988
0.05458795499460045,-0.12942041806794474
0.05759496578068646,-0.12192887521483488
0.059022551446109794,-0.1374718008097278
0.06346465301532644,-0.10611257034913
0.0655828883802334,-0.0961234776551859
0.0686963104677849,-0.06244304901242572
0.06997469323964811,-0.07683331098284628
0.07058796478185014,-0.07770993916494617
0.07084499701362112,-0.061149085185671824
0.0738424773448072,-0.03757406860830295
0.07672918019124975,-0.059099724967069556
0.09080819040288901,0.030777198904396168
0.09936893054564955,0.08757796908070162
0.10232322163363605,0.09088856467240429
0.10440681672326324,0.09065251703810477
0.11135147410071555,0.13843436847950288
0.1142354071424938,0.11511851239803483
0.1146383524357848,0.13289161826415208
0.11744093581402204,0.17343112156746135
0.12267231603651219,0.19118555017159852
0.12459353654401628,0.18939125267994822
0.12530265372784744,0.19021755612354785
0.13588706232831615,0.2457165326316617
0.13995904658023406,0.2633209511699503
0.143349265939003,0.28007953540162855
0.14721054836701963,0.2834827635173337
0.1572626770364156,0.33634197214479933
0.17016755955841223,0.40940684239120995
0.18356300918057578,0.4425131959931796
0.18929092838948414,0.4795071255847383
0.19134577327038382,0.47629193612110676
0.1961097577570028,0.5117176810234634
0.20089450135395337,0.5282645400216746
0.2080425559461414,0.5665587311287327
0.21060325984807982,0.5546000083848572
0.21298935483632953,0.5879535036808559
0.21744706290667715,0.5963611452600784
0.23831603675103485,0.6746746978098226
0.24149541853936318,0.6699000070388056
0.24637134287693696,0.6861881276785895
0.2618780118640549,0.733080726216336
0.2674882405352186,0.7675001044168903
0.27364290882132725,0.7938495418422942
0.27389595033801806,0.8049069993945885
0.27451618647376463,0.7955096915820364
0.2781105616553994,0.780463147152011
0.28344656344802033,0.8155939879109853
0.28634760276877014,0.8301955117726673
0.28854003396759786,0.8350064383786193
0.2938677335285087,0.8257978505748129
0.29757890503783013,0.8420067626733356
0.30286788688223965,0.8659540892638349
0.3236407733948239,0.8992959740734532
0.3277837079271366,0.9031199441451172
0.33007871792274557,0.9205848410225582
0.34083624991354977,0.9358605681668885
0.3410462960691434,0.9378402392294141
0.3547518877142153,0.9550871863004048
0.3572746425223361,0.9497332412246986
0.38899780653239624,0.9987243624050065
0.3902833779251238,0.9878319582807277
0.3971284330406748,0.9741921726394459
0.41252258026863586,1.010417625996255
0.41416797009002604,1.006990901553657
0.4219943966113826,1.0059027445369795
0.42456186391036077,0.9798993072902273
0.4298681626641967,0.9913397611334818
0.4327325126963677,0.9959763759018307
0.4345501222998873,0.9907484828376686
0.4394307656574572,0.9856697031620648
0.4474532709344423,0.9836936524038761
0.4690471414611199,0.9647923709028233
0.4881918432303456,0.9404714768136462
0.4909145406175779,0.9458978990807647
0.4945349846622564,0.9354858637819855
0.49558960923959194,0.9247540135525487
0.49985671827175526,0.924370209594295
0.5076505709036319,0.9209321774160185
0.5254517157980474,0.8710521658953843
0.5267277625053248,0.868370856161646
0.5271591990497821,0.8559073621035953
0.5289502247659854,0.8503704977201144
0.5337622080599851,0.8289831142775466
0.5344308807835398,0.8420323477067518
0.5407739358181902,0.8152269948096698
0.5517697464479157,0.7850342663878603
0.5533225848841044,0.7796343044816103
0.5559515793309746,0.7780334585498718
0.5630167748909454,0.7700185525442106
0.563420807532439,0.7457928959769765
0.5642832766685415,0.770657984648187
0.5746077216272854,0.7059645502119917
0.590321879441631,0.6597099529532812
0.592060262835215,0.6704013558858656
0.5929082762838176,0.6578199634816629
0.6060528138366132,0.6132707494206846
0.6114032963571896,0.5943140793651838
0.613721042371143,0.5928453572574772
0.6180910855333117,0.5828870372629505
0.6228142697765384,0.5452276013479481
0.6249999450877235,0.5307252025424787
0.6331838881953078,0.5060881572720644
0.6444007471925208,0.4560561526737163
0.650798055661002,0.44260605357603433
0.6559389831286375,0.4020189722808806
0.6570236665409492,0.4108253925279333
0.666670445266754,0.3683155049019492
0.6733223567060778,0.3454824272044186
0.6750006483075559,0.32833951538078066
0.6789172489385749,0.30780137659862045
0.6874124793086551,0.2685308317697391
0.7035984623986948,0.1900888018892299
0.7060796405558847,0.20675414514861717
0.7101625079823704,0.15441344910348206
0.7115450768334322,0.1500854611516383
0.7124598819833361,0.14978528220647666
0.7127539496591844,0.16127505203978526
0.71553719996027,0.1432683450912544
0.7157147488856461,0.14212142819393844
0.7214980023308666,0.11822859708468636
0.7249818880953924,0.10453054877238006
0.7310916604362538,0.06935802636738402
0.7339089883854384,0.06332054212967758
0.739438264964758,0.03294195653967441
0.7420434747375455,0.027542882286386974
0.7424992999818096,0.001539452626948051
0.7494138238651535,-0.018195529631504434
0.7498994264655661,-0.02565317779425778
0.7537506068359754,-0.03392894582471427
0.7639677031989982,-0.09078525384183721
0.7743751152452436,-0.14831413408049565
0.7883695455368644,-0.20330374755960048
0.7924508386278433,-0.22784421896406495
0.7949286240401006,-0.23631748575206638
0.7951552595573284,-0.24262189828901135
0.8000433770367987,-0.23900315698021254
0.8039753317638456,-0.280662575350518
0.8047963576855492,-0.2758957499472405
0.8080394081523892,-0.28672437266406803
0.8117095662984686,-0.3187781177930822
0.8154925812491305,-0.3360972526800341
0.8385477922140958,-0.4308995517425962
0.8408620348745881,-0.43120463997855096
0.8424465536439047,-0.4565086595962731
0.8425452972162524,-0.4523315340197987
0.8450305316959499,-0.4566079648644464
0.8467458935100627,-0.462444923137861
0.8493537725500957,-0.47133238325440746
0.85424805015563,-0.4959077450476403
0.8558206715530443,-0.49791537112667056
0.857737770968968,-0.5064805803921436
0.8617503715601993,-0.5339940188458636
0.8631171641615172,-0.5329035286298177
0.8656997860551447,-0.5271066368204361
0.8847252811274116,-0.6184277151885018
0.8871509680585081,-0.6252016249157563
0.8914784554882411,-0.6286696148964397
0.8976937293247933,-0.6688520723025471
0.9134547934035604,-0.7321767213205252
0.9282822546548806,-0.7595277029192488
0.9296985832219109,-0.7650134943455847
0.9343273985480032,-0.7939996349732947
0.9390991824387607,-0.7953894518601319
0.9423500485502521,-0.8094550509445464
0.9472396494778712,-0.8177211597446156
0.9474310449423768,-0.8025897406240943
0.9575949834642374,-0.8664898919334095
0.967087954261812,-0.8729220962536803
0.9717217933183298,-0.8839863519904545
0.9737792362590887,-0.897970152711436
0.9834661240078972,-0.900648845816218
0.9871440661325153,-0.8917757418680052
1.0150143057492258,-0.9697147891115389
1.0404723956523299,-0.990958785966122
1.0478354686632887,-1.0060707943912526
1.0561906395190181,-0.994198849859391
1.0656297309395244,-1.00532346464167
1.087876424500812,-1.0023498551786474
1.0904494765106048,-1.0034300029975756
1.0988592671455821,-0.9949906110423451
1.117069178049694,-0.9867916759162262
1.123397306297674,-0.9771620909709364
1.1237947147472562,-0.9850324109057224
1.1254716394003461,-0.9674223850305858
1.1311550559409813,-0.9592293781490434
1.1421388729422652,-0.948009428743671
1.150000455687481,-0.9200008296305207
1.1643585878683007,-0.9249854966222067
1.165845725237375,-0.9250007574613746
1.1692118872206745,-0.9095516086189702
1.1723178318555405,-0.8935540976139579
1.1835049166085057,-0.8716912405290669
1.186282119040742,-0.8549723667549967
1.1888083400189489,-0.8746219087394186
1.2008351390456555,-0.8261670981320832
1.216458553559944,-0.7749664658806287
1.2338564522247522,-0.723137773184586
1.2357242830814137,-0.7218874454214267
1.2400149550313602,-0.6938433909658333
1.2599158466229188,-0.6365734838322855
1.2608213281620744,-0.6309647169269617
1.26168167717241,-0.6337058796632061
1.2636155656131969,-0.626902432172514
1.2644264964355454,-0.6289161639012779
1.2646199899212807,-0.6136029760704007
1.2651690432014728,-0.6063428873408163
1.2719011872130093,-0.6074502335015033
1.2751731188841893,-0.5820635840010278
1.2813386499548711,-0.5568326407851365
1.2887221741090453,-0.5311442393493419
1.2981595840733746,-0.49089552422606014
1.3113757055698585,-0.419348156154664
1.3269226782581054,-0.3689587701575592
1.3399772194339779,-0.3043701363232595
1.3550015558290767,-0.24743580387314806
1.3664369495845605,-0.1673263041373138
1.3752002159595218,-0.16547997499448241
1.3764034819154674,-0.1254057640432213
1.3774359014101005,-0.13743026951651463
1.3804656508205193,-0.10472633177154826
1.3810221201925383,-0.11557570541087736
1.3819375807565137,-0.12371209744059536
1.3939934171571267,-0.06077085097258157
1.3955037927563385,-0.023710162912245845
1.4084595715405026,0.013623188706796359
1.4132093399848582,0.03977554883065525
1.4144301371463408,0.041075232776147
1.4264164621536661,0.0906618992773956
1.4318681786648222,0.12013779391866758
1.4405255800081616,0.160567125309844
1.4424370693761626,0.18127329704949036
1.4449745669405765,0.18196878014837245
1.4550565785569427,0.24115166790936154
1.4597705015891727,0.24728829098434194
1.4626220062982558,0.25732665333156335
1.4688512276073258,0.28851127914914804
1.4723700165639642,0.30953674230939354
1.4730702842193333,0.3191618219634561
1.4920463572514855,0.40695724938262184
1.492375394242158,0.39653205552152104
1.4944066211227618,0.41527441569577195
1.5108934179643398,0.478894940203274
1.5164141167659428,0.4967435564319884
1.5236786741755726,0.5294460081024576
1.5241332040397335,0.5428546095897777
1.5242785719101626,0.5401573944920104
1.531956316279821,0.5532077592116557
1.532016630654419,0.5656684005684585
1.541929127889194,0.6019826802375792
1.5519861255975638,0.6417344867394443
1.5598602451644403,0.6641389766350729
1.5685904168204896,0.6938779821350518
1.5691994949973314,0.6988096636901603
1.569644975344083,0.7154041089829424
1.5736224192441348,0.7140900705792774
1.5789605011332446,0.7270148488847076
1.581804224353088,0.7450410282781892
1.5948823606133704,0.7800628543229977
1.5984881247190499,0.7995213360743567
1.6052131527947608,0.8193001051426233
1.6060609802261254,0.8135954770694115
1.607607074315256,0.8274648503600962
1.6122950268560814,0.8332701474671688
1.6224471997247774,0.856075125603817
1.6338870799092184,0.8734746311181295
1.6406912035815937,0.8942453220852981
1.6408313551267844,0.897535942249978
1.65442684830135,0.9270127794791405
1.6566976009039713,0.9361686626747334
1.6591281665313033,0.9441446024123978
1.6657205800593147,0.9371524124115073
1.6669484698140922,0.9383897301092882
1.6676680763680523,0.9506026209653343
1.6703979122453623,0.9596474469307174
1.6808204959448911,0.9770882563427211
1.6826899554801429,0.9603934210001849
1.685911695709093,0.9626676623425541
1.686797912415667,0.9701418709328009
1.6957825802258588,0.9778121140856721
1.6965700588284847,0.9826701933459613
1.6992842163381088,0.9818853230899544
1.7052390884123358,0.9987711883077404
1.7063848600166178,0.9963625787170052
1.7109420815167704,0.9969147762018966
1.7137234482789685,1.0186877993959451
1.7156060251882348,1.0109361578990566
1.7169289573313904,0.9779262914234595
1.721842445064861,0.9954243418425279
1.7252076503744078,0.9892348110439192
1.7314157825929337,0.9896530638383219
1.7348599658124835,1.0004044006885313
1.7409576654297911,0.9973304830583178
1.755014115300793,0.9793691015883709
1.7575549092091025,0.9979985793832176
1.7578607548042902,1.006239924441072
1.758323005301186,0.9948649825639799
1.7605405052858467,0.992805495559318
1.7742669164052955,0.9805775131116228
1.7893565522636399,0.9821478362584324
1.7978557759401914,0.964829725652857
1.7997772474432994,0.9578028736073567
1.8016274645973827,0.9303850404884707
1.8199435548751763,0.9205806416490983
1.8260617996320088,0.9170858481257879
1.8465701444942662,0.8569697373597477
1.8500662204720282,0.8473742395451175
1.859306178521825,0.8170071018889976
1.863514773302481,0.8305439682033011
1.8701085480326052,0.8181688110797003
1.8733040309539506,0.8172467344887405
1.8751954145482,0.7899430439627141
1.8769657000060231,0.8092890391674783
1.8839247749480057,0.7709723807264368
1.8997089411564545,0.7099166231027717
1.9008913381203172,0.7043745200980163
1.9034350649484786,0.7015706283383191
1.9048395974186914,0.6972212746212715
1.9270448778142946,0.6124124087901895
1.9410554894898917,0.5753391980898513
1.941489563717706,0.5507531809542302
1.949420806437864,0.5329174408896773
1.9527079357249546,0.49651387959068616
1.9577305946557075,0.505999413968552
1.9588396743322898,0.49934903799852925
1.9808842660905963,0.37620731026198
1.9869303481556813,0.37377106715719705
1.9874978039363036,0.3584030756793415
1.9886873576192023,0.35373528344340055
1.9918017430178159,0.3348557078842833
1.999324370051335,0.3078198024626253
1.9993705544329305,0.31498390789116504
2.0088544927274556,0.2697938283589898
2.010779444361983,0.2737398785393861
2.013488991462454,0.2687280015359689
2.015961916735497,0.23494716136127886
2.017450803030222,0.22145545167568864
2.0338714589639784,0.15268336561655688
2.0370435763266324,0.12989309149346562
2.037196235614722,0.12569938272363612
2.0385642864961024,0.13104821051368423
2.0387503079788862,0.12134254211751343
2.048239466265839,0.1052844849565928
2.051244002895678,0.056352263171294076
2.0535290732114024,0.06082901348167473
2.0542143340151346,0.044883212321228216
2.055850970941971,0.035831623509880915
2.05911679092198,0.019752377475289642
2.0605606368102505,0.030025507820098607
2.0669768132424586,-0.008305769232284776
2.069318841619997,-0.021710991819399898
2.0721491845582296,-0.04716839311897598
2.0833679659429505,-0.1049771086525039
2.0837179859615604,-0.09648254065798005
2.0899431714374384,-0.10536939818584919
2.0926677942275065,-0.12177102230622329
2.096406520464196,-0.16510251697400144
2.0977967322376196,-0.15363308878738538
2.104598216012845,-0.16025769430746606
2.1052833312884154,-0.1897232511479535
2.111287381075364,-0.21076811501231113
2.114611536899462,-0.24506828210248763
2.115247182953002,-0.223521640625422
2.1180084087851636,-0.23112410178525436
2.119521883167767,-0.25022819837498905
2.1215561397636638,-0.269585498377038
2.129856642059843,-0.31438241921422516
2.1461822949262688,-0.36883909216954264
2.1476395124251804,-0.38790168391027174
2.158890646852929,-0.43330736838267375
2.1589182475117434,-0.4256462807098192
2.162919894309735,-0.4479374206581376
2.168127403872,-0.4798263890045705
2.1681389726289604,-0.4678351485917306
2.1787516179058777,-0.5225219573189063
2.207768442368029,-0.6222207160084505
2.2221643966032776,-0.6697424826756366
2.226621352277041,-0.6886515117133573
2.24298549585665,-0.7475004493358527
2.2572734066679505,-0.7785679474136251
2.2578873000646666,-0.7820062879366183
2.259807857601121,-0.8143773247099594
2.2747395889869484,-0.8463886649333698
2.276066968877214,-0.8273530590041717
2.283736420938233,-0.8506074819024603
2.285397771337454,-0.8689207555853089
2.2878463963428324,-0.8511143323608155
2.3019413121070595,-0.8964216783491818
2.3033387124206985,-0.887633319438681
2.3066430262405166,-0.8973619958098472
2.3111439399973808,-0.933645549706519
2.314782120632037,-0.9270013471079277
2.32024078092617,-0.9363956215262473
2.3227458202074773,-0.9344732736307985
2.3368069209432853,-0.9560536502931304
2.355726592885439,-0.9864288324146617
2.357627976597861,-0.9788283085602293
2.3607422910681315,-0.9868892678392748
2.3705586111585237,-0.9982304380795839
2.3725162222695193,-0.9839230172244114
2.3755048370587337,-0.9850970126107034
2.392304236721958,-0.9901976791513878
2.3952654525672434,-0.9938543068123673
2.4028385848643588,-1.005922075763317
2.404818810551932,-0.9927509104637914
2.421281048171301,-0.9832616326996058
2.4225354436888855,-1.0003767184727266
2.4232831717211045,-0.9861158807659551
2.4233430996085374,-0.9988770080264082
2.4296908280256364,-0.9804978290250729
2.432877056294034,-0.9941769506574107
2.4597968196424826,-0.9637054929726534
2.475364055048531,-0.9248286900490679
2.481940826341778,-0.915239291326724
2.486018693935815,-0.9030393783332226
2.491942827587443,-0.9042892420371584
2.4927997552644454,-0.9018379099226507
2.504231800818271,-0.8560932919395152
2.5151969772320086,-0.8469423198044399
2.5165223687199454,-0.8498448081248519
2.5176602039307996,-0.8439602551055123
2.53122674262485,-0.8091334170901512
2.53492577063982,-0.794715054267835
2.535884936356677,-0.7874857766848887
2.539318028903959,-0.7657786008921852
2.546286238157844,-0.7495739300185071
2.5590238402188685,-0.7115011492317808
2.5630887847660198,-0.6986641987179412
2.564118177619388,-0.6918697038176126
2.5682941359120495,-0.6615910926693628
2.5783932741837274,-0.646139029965745
2.580541224350222,-0.654134282864748
2.584690873046261,-0.6295357018703835
2.585077408830104,-0.6317569016996669
2.58648034819125,-0.6283495074571087
2.5917760801276915,-0.5982954817489459
2.5977456403020263,-0.5740421765868353
2.6094115728847695,-0.5496410579450147
2.609820986549254,-0.5364516725289401
2.613192418957743,-0.5004052773771063
2.6214319562944954,-0.4866725963288665
2.622738298862605,-0.47027154434378304
2.6232420444237325,-0.49042757094848344
2.626929827485844,-0.4444016702800013
2.632225852937691,-0.4501139403066144
2.638870767136255,-0.42141619262760366
2.6414799334313894,-0.3969594389935272
2.6525671690075683,-0.36009910470139517
2.6551863855838054,-0.32768096288435017
2.666901792314687,-0.2750597383142172
2.683811357742064,-0.19872234281055964
2.6928723147412983,-0.17107521605472875
2.6956765088142207,-0.13329837491398575
2.6999322921767606,-0.1185839861507977
2.7010592010500627,-0.11926727248894486
2.7099851657916965,-0.09171831145394423
2.7163507830330964,-0.04519085429308859
2.7226242246010663,-0.021288289168909146
2.7267571698163175,0.011257044527618948
2.727001235297223,0.0066677259589306235
2.7386428121364785,0.06421953256876083
2.739358604399614,0.05240745487557991
2.743359139550228,0.08225831970851685
2.759680075702766,0.16234064263689724
2.759895630359729,0.16785669617753354
2.7602689144999992,0.16152014126947156
2.7717911211635204,0.20441621039526553
2.771878175153602,0.20221520417629082
2.7741630382206326,0.22598466411333354
2.7839901568532666,0.2664424800098685
2.806915638397215,0.3789085606885812
2.8096093113715552,0.3880155232181022
2.8137149575418032,0.3885326346075498
2.8174872713113865,0.41504572968941655
2.8285511596126227,0.45394473592066986
2.833392029427227,0.4872380164441402
2.850446342348456,0.5640948869817729
2.8588025657682685,0.5800049470572919
2.874518690073856,0.6403928916366165
2.8964462410724403,0.7112113149634348
2.902050578453391,0.7329545143790435
2.911818428268239,0.7650645099477401
2.915763125182517,0.7955854929857145
2.92221082071878,0.8065699221608211
2.9252755607495695,0.8145581072849378
2.9380364785658237,0.8491692413611732
2.9387388318544865,0.8636795995260172
2.9476295237760697,0.8638467312106395
2.949005008125951,0.869574824999385
2.951895704860136,0.8665001730464399
2.954132833147238,0.8927134922584595
2.9615393997737494,0.8935685487190184
2.9638324318700873,0.8859343792064929
2.966750687107278,0.9033106640365016
2.9672908534674125,0.8968754627876211
2.970244581252918,0.910448626777326
2.9751282762491087,0.9515646532086153
2.97911745204671,0.9290310270216874
2.985529188101177,0.9508119743881465
