n_harmonics,base_freq,instruments
1,4.8591309220092445,[<ufunc 'cos'>]
x,y
-2.9969100899161036,-0.6877918752173007
-2.994506819207703,-0.6910293420620828
-2.992891902968629,-0.6940896326928142
-2.988004965818603,-0.6795266477991313
-2.985712113668139,-0.6653435810207117
-2.976831465520659,-0.648673719156717
-2.966956534323324,-0.5806374546968011
-2.962364375734875,-0.5287744429995599
-2.933235418851261,-0.46246613784315127
-2.9304141551391227,-0.44817192579738835
-2.9148124219750327,-0.3586338600928475
-2.882319954002332,-0.19082182040758203
-2.8749493855249493,-0.18692339236889843
-2.8722202664181005,-0.15277624476420928
-2.8678251525621246,-0.11686603834498209
-2.8385854018425016,0.008232149927802933
-2.827241122955395,0.06669147638283122
-2.818542319213678,0.12346904169959662
-2.811570608622576,0.1473907960180813
-2.808427972185675,0.1471195877405546
-2.808036803091144,0.14217923548902175
-2.8028406694479653,0.15688002805840143
-2.800313704615518,0.17947813162702242
-2.797470086927031,0.2094412780530843
-2.792254875620725,0.2275702692009539
-2.7569392830141,0.3928975991795347
-2.7544965877959684,0.406057413486581
-2.7451214557376558,0.44165123853053945
-2.7443092011839076,0.4400892826571274
-2.7412532002536674,0.47413939329921717
-2.7398317358510296,0.45546391575840445
-2.7362937807692624,0.4494297591258184
-2.7216173712219094,0.5652752325529533
-2.718053834999453,0.560827251546734
-2.7156068888634377,0.5908780550392652
-2.7080244266786013,0.5806037531507682
-2.7011195179793024,0.6345256347144386
-2.6975570663742747,0.6161338326210031
-2.682592816101071,0.6975319234233913
-2.681821720319147,0.6952928995533045
-2.6656169988226432,0.7451555269743316
-2.6643766552035446,0.7443683888989416
-2.663378965619164,0.7879418141961179
-2.654474253566879,0.7878010390158234
-2.651406750685257,0.7975283060929996
-2.6509967581719085,0.8026870702801875
-2.647784141247355,0.8334677228267602
-2.643436451868517,0.8420531767056905
-2.6387773600167703,0.829104589815731
-2.6346724188685116,0.8266330238735664
-2.633727879825256,0.8553209194843471
-2.6331454442028153,0.8148122201566351
-2.6324102435130694,0.8651006728412062
-2.6289273986873356,0.82542037714023
-2.6178036908319005,0.8592262164045646
-2.6091770297757217,0.9146735480549352
-2.6077638615064855,0.9136110593036141
-2.586300076734208,0.9543946139144633
-2.584196015788317,0.9482866041642635
-2.5814398687105307,0.9646326802017159
-2.5725694275373363,0.9568644962685994
-2.570705874077671,0.961541978654862
-2.5693079418317843,0.9634445353706492
-2.563105892637389,0.9945399942639659
-2.5532250173924194,1.0074354265723824
-2.5518972234943167,0.9864970078629166
-2.546266137529984,0.9871881626802915
-2.5452733649785464,1.0010923674890893
-2.5448437910025348,1.000000582740277
-2.5388469820403436,0.9999438216480563
-2.5335455178636823,1.0001997845722332
-2.526003057088537,1.0105580797023392
-2.511455962588232,1.0370628282316148
-2.502908212904444,0.989005492783824
-2.4938188851798544,0.9962602162067963
-2.4860297375260676,0.9885415079704549
-2.479962372693203,0.983434521228718
-2.4757437995845635,0.9568415728370407
-2.4702016765401664,0.9604022116567306
-2.4667287416012496,0.9761203649828063
-2.462240220098871,0.9601448678160265
-2.4510624041608002,0.9448019282215715
-2.446881040461151,0.9268178337606479
-2.4461133406802853,0.9341519903718822
-2.4443113184980136,0.9522036856887685
-2.440028562757351,0.9527832881704474
-2.428822573456234,0.9307197261137707
-2.415467926187694,0.9012226426435467
-2.411037414679374,0.8438504458051677
-2.3805793804659854,0.7796697284386241
-2.3650428245374764,0.7446430386584302
-2.352923690696624,0.6755936131356651
-2.346893889763563,0.6665949208879386
-2.336882301301859,0.6347965720548966
-2.3136128134569276,0.5291057480209921
-2.3103491046755984,0.5522327832778724
-2.306095154332952,0.5223593264349287
-2.302931476022069,0.5017970300732953
-2.296195868475451,0.46850644877972863
-2.2909425585401957,0.4504230106933739
-2.2888308243946387,0.44370100861773876
-2.2885399767718404,0.45361806837199625
-2.2870480482998294,0.4398161415211192
-2.281251522033933,0.40855989145046073
-2.277610427755902,0.4027418592579309
-2.2766657525489387,0.39424863479284256
-2.267614815504372,0.3316186158481399
-2.2652506483479637,0.33205986203747734
-2.247008085066268,0.27367241523188923
-2.2461566418163543,0.25086301671633415
-2.2459481160227672,0.24415702005246046
-2.24178043768611,0.23360079918103197
-2.2392308612837306,0.2142382905896124
-2.2382514714424455,0.20068270891658535
-2.235945281373488,0.1826150008924856
-2.2358062045635174,0.1980724424804738
-2.230856942099924,0.19336932410702562
-2.226228973755752,0.1424494945304355
-2.220547822475443,0.10172576303885099
-2.2055720423186416,0.05373245936263911
-2.205006944780303,0.06930445789096769
-2.2049611173789274,0.07914001242790708
-2.1972586466551123,0.01053888546376371
-2.193178108439419,-0.00033924568058041777
-2.1914669241572327,-0.013961899870795696
-2.186004121725727,-0.01602339286342797
-2.177776355985235,-0.07971194616670826
-2.169913921962946,-0.12131727444098235
-2.1608928803540244,-0.15425389300489703
-2.15870613273148,-0.17585824952356366
-2.15819715570995,-0.19099123258134137
-2.156041463553978,-0.1799377719972926
-2.1534051597340547,-0.23576308017905973
-2.14919861863436,-0.22510152069597691
-2.147655771573239,-0.20995252246123697
-2.1452093039733433,-0.23123705125455304
-2.144386084549521,-0.22707225880330867
-2.1432219736508786,-0.2371837759331565
-2.131753454944226,-0.2842943448103151
-2.124889307645864,-0.3527207100608082
-2.122240194185588,-0.3443454803280294
-2.1182118181903196,-0.3686495825209821
-2.11100998517903,-0.41706347674594196
-2.110788396051916,-0.3777616596331064
-2.091202098714148,-0.47143315379776946
-2.088860123595063,-0.4974547284323634
-2.08331741398774,-0.5249394014920965
-2.081387904804517,-0.5100953688576264
-2.0702062299370736,-0.561889418223321
-2.0590950705094753,-0.5869319762800647
-2.0568088629060473,-0.6376484117802348
-2.0436872242088837,-0.6644080713612113
-2.0281448267982203,-0.7191455789800236
-2.026137469151358,-0.7234844604569015
-1.9969329493792436,-0.8179318250466882
-1.9920796365574729,-0.8400501528377349
-1.9906990341260065,-0.8339254140625703
-1.9781771507092558,-0.8579869017649218
-1.9695497146985734,-0.8699968600734508
-1.9628429407511225,-0.875835878438258
-1.9621394843526638,-0.9032028791962076
-1.9424936872056613,-0.9259862228886667
-1.9369724586355261,-0.9699372857076138
-1.9347028531200876,-0.9346491366497143
-1.9309349731347267,-0.9574474489840077
-1.9301406704538993,-0.9530009258988301
-1.9257861488512018,-0.9743535997003938
-1.9238017046255353,-0.988545893648081
-1.9185817689154845,-0.9465139158524295
-1.9159376727893835,-0.9703336423809492
-1.9155711016142258,-0.9632396333835639
-1.9082593126233118,-0.9634802529774283
-1.9049557643821553,-0.9982436230441575
-1.8948637308676164,-1.0371094900962676
-1.892072809539591,-0.9910126442541372
-1.8890277424082458,-0.9803596001562845
-1.8868086339326242,-0.9871089464324972
-1.8863905438785136,-0.9963065613576169
-1.8753658060164833,-1.0029097071616686
-1.87512274670527,-1.0019761570191323
-1.8750851403584567,-0.9858830435388815
-1.8573238431656172,-1.0172776695205108
-1.8559926152226311,-1.0017047831859767
-1.8330280669139642,-0.9874527819412978
-1.8325701159785779,-0.9605484835977561
-1.8121334510940097,-0.9537318930137485
-1.8035331557183034,-0.9579751242164868
-1.802809776989434,-0.9340693247949828
-1.7960422296627714,-0.9413342917735407
-1.7914181506747024,-0.9402703333879399
-1.790311351950461,-0.9260027894117435
-1.7885714951641505,-0.9146936300147788
-1.7825679509685142,-0.90099303033303
-1.7774675403759381,-0.8999683600174087
-1.7740478092622922,-0.8947757720829818
-1.747305202467263,-0.8320766224095077
-1.7462495141971233,-0.8285677712522657
-1.735519750627814,-0.7851892459793516
-1.7327674375217779,-0.7638777475691039
-1.7326648664359396,-0.7855814245738247
-1.7324105286470912,-0.8058444818886861
-1.7216674815909134,-0.7360494145074711
-1.7132715090955295,-0.7482080312649558
-1.7075186897781909,-0.7122009269147225
-1.7021820960897993,-0.6782827004642703
-1.6932815132539627,-0.6343218042127278
-1.6882924988898849,-0.6283191161222046
-1.6684141716380618,-0.5856878249870865
-1.6631575776577117,-0.5283032831018323
-1.6592064778535474,-0.49526853653458264
-1.654415992599026,-0.5058419159636564
-1.6449651283631752,-0.4575348714060387
-1.6440668688785258,-0.47150033809312775
-1.6435945746721412,-0.4551712817073017
-1.643105716417846,-0.4585624241563996
-1.640255319755357,-0.4360599069245631
-1.6343225445416667,-0.4251518552053386
-1.6320286982267957,-0.3989689107127517
-1.6256726444199063,-0.37460542102768707
-1.5985355881463097,-0.24198098366627765
-1.5931998942250223,-0.21801219865738944
-1.5909329233989271,-0.19437559422229533
-1.5906695698425322,-0.19135218959256778
-1.5896494176857756,-0.21847575178962936
-1.5648517609541264,-0.07355858486850927
-1.5594170900333866,-0.06298956638840167
-1.5572116480409102,-0.03296251400509068
-1.5392688375588195,0.0299747665632131
-1.5289382618296201,0.07995611187260077
-1.5272284252363624,0.08903170661220813
-1.5142410393886159,0.15786391491152768
-1.5134487170629902,0.15353948231177938
-1.498138922987011,0.23036843082058608
-1.4963494058437732,0.24517030662309905
-1.4958728399545331,0.2478828817872782
-1.4804152507754607,0.3116597053560434
-1.4719867240305027,0.38481387060203
-1.4495161277174857,0.4475524165664278
-1.4467454496374195,0.46632274559790166
-1.4422386456940886,0.4912627364616955
-1.4293195819406554,0.5330934614783351
-1.4102489201628066,0.6364522050175291
-1.4073032421574228,0.6370678180535535
-1.402560535577626,0.622171269729638
-1.3906926247468712,0.6828376101792674
-1.3848752091261916,0.718648495949907
-1.3811970222673526,0.712650616955106
-1.3697950044153624,0.7665692101622947
-1.3627583599315691,0.790527630720272
-1.356156201330765,0.8078993161642433
-1.3530928861628049,0.8118505838996334
-1.3527873438378333,0.7974442728519183
-1.3465711817105568,0.8147644312144794
-1.338348655624007,0.8495388261515685
-1.3334633765459596,0.8785085832115899
-1.332968348119346,0.8624228810057708
-1.3321073886288413,0.8826219814869785
-1.3247491324099419,0.8835257358295275
-1.3220008844992621,0.8680081117213573
-1.3155237539240587,0.8972758669175089
-1.297392797966313,0.9500722426839779
-1.295922137499985,0.9382863249204714
-1.293547155429813,0.9265543790373553
-1.2904983733404307,0.961738506226238
-1.2807161488894485,0.9726870070605941
-1.2580131217730455,0.997533964950627
-1.2567392541660711,0.9633120577028207
-1.2544926038239554,0.9826610189217387
-1.227371543627124,1.010443394823325
-1.226336265100113,1.0151516902795097
-1.22029315476153,0.985768065490614
-1.2182181644097867,0.9985880897077417
-1.2139929214111977,0.9914634156863089
-1.208163685238307,1.0017400630405064
-1.1977319855899646,0.9807490135195952
-1.1974627731206309,1.014106055289867
-1.1927165155495818,0.9946902538550725
-1.1866377267487935,0.9792216447210814
-1.185716359381614,0.9913821588582935
-1.1843998720904052,0.967576998810925
-1.180243715942059,0.9758941010672717
-1.1757483106943674,0.9603210093574924
-1.1687814002443955,0.9674575952842004
-1.1653787673251605,0.9743467002535215
-1.1648181156415918,0.9690450001525412
-1.1622259919204199,0.9736486718426257
-1.1609235385044103,0.9349699697110321
-1.1583870861739198,0.949271682078854
-1.1582228778284913,0.9298861966165377
-1.1562807538505204,0.9579714142042965
-1.1532457065242923,0.9365412422172606
-1.1531977287171724,0.9473220541142244
-1.1528507626694375,0.9635805515528353
-1.1516126670435145,0.9509803791503911
-1.150848988984688,0.9175658961458452
-1.1478959969146116,0.939927565654819
-1.1383581053375573,0.911080504024703
-1.138355313273233,0.9135117862722423
-1.1380034171133109,0.9102346826658743
-1.1227395195634853,0.8875023451758249
-1.121784891578553,0.877035952533641
-1.1181418887392307,0.8866182384247383
-1.1170148869020293,0.882910393822943
-1.1129628340332278,0.8599606681614727
-1.1064153026811676,0.8651495848434458
-1.0942427676005757,0.8031550522888697
-1.0905467807900622,0.7787005099544385
-1.0834296116394924,0.790870729350174
-1.0734969873958822,0.762501423964249
-1.0659353531280582,0.7115251863100062
-1.0565678473939553,0.6819811912135081
-1.0544004772412197,0.6694139961515675
-1.0475465049982662,0.6718940588001298
-1.0452345205657894,0.6643380028158011
-1.0341262433285356,0.6128210364450937
-1.0324176081023557,0.5999422008564921
-1.0274129415922226,0.581343089898425
-1.0255231412727244,0.5646538021343104
-1.0139061756240544,0.5248179460911263
-0.9986275782945833,0.4673547771073747
-0.9952828622169689,0.43527164405809105
-0.994223706196947,0.43840412599533063
-0.9903809038148328,0.4308684534729931
-0.984325610751601,0.4054950136013462
-0.9687624035181361,0.31522004287408545
-0.9684365082224673,0.32841001903572353
-0.965883028908129,0.314114332797861
-0.9658386912338326,0.29852414519374265
-0.9650042460155088,0.3247005080190137
-0.9637642188576754,0.2733501563271244
-0.9622337693953114,0.29859040805153275
-0.9574010816493033,0.24983159719902587
-0.9484652927843404,0.19683052525033562
-0.9469365949141473,0.23012493726172992
-0.9349198899638278,0.17718191512534956
-0.9343927018436222,0.15957303754570745
-0.9188815447298446,0.10507395144004227
-0.9031705507017604,0.028078180797276225
-0.900003677433348,0.011169737617456894
-0.8922803851190415,-0.048271641694499115
-0.8894462643065113,-0.04118537571310285
-0.8889042444728128,-0.0689430545670399
-0.8765918770244623,-0.10537680883442072
-0.8764292298426275,-0.1339697809782471
-0.8709783704978165,-0.14464252090884444
-0.8646324655855668,-0.15129888828358168
-0.8635911286833009,-0.1516132874096773
-0.8415500953209909,-0.2699967896322902
-0.8323643315638174,-0.31707621277080583
-0.8292292796784206,-0.3407579755434591
-0.824371507187398,-0.3820817517872106
-0.8231382266346685,-0.38268283028923744
-0.8195851681485458,-0.37924750008261976
-0.8006508676457882,-0.4688751105532954
-0.7961716855954486,-0.46854292949203075
-0.7923455688947283,-0.5026838648474509
-0.7920317042386671,-0.5068611114608976
-0.7918672430087752,-0.5022593954148666
-0.7898374878534469,-0.4935987056589189
-0.7720774589991786,-0.585082170859211
-0.7595854976410124,-0.6413916760709463
-0.750711693877423,-0.6692356371950068
-0.7497455793280849,-0.6860690875142694
-0.7494984333063726,-0.664579272310334
-0.7433870361079729,-0.7244413441287448
-0.7293765300573569,-0.7226198310804204
-0.7278547150852939,-0.7884605729327625
-0.7247516424563463,-0.7523577535019601
-0.7229477166440841,-0.7664451787759605
-0.7001194663156234,-0.8221348275849829
-0.6935185849732575,-0.8315223563713692
-0.6862080723523216,-0.8543837800419618
-0.6779553809233736,-0.8935059502887561
-0.662660005820257,-0.9456039359824098
-0.6610293272332997,-0.914760026350404
-0.6545652259135721,-0.93358465017524
-0.6532022229872703,-0.9429735778755448
-0.6396249909926226,-0.9454509608868785
-0.6325472430715466,-0.9391143844271074
-0.6309590147858541,-0.9665936905862029
-0.6150300959302966,-0.9553494285180274
-0.6089127575549647,-0.9874711812375362
-0.6010041857493711,-1.0012704350507389
-0.5974492739641271,-0.9833403121083782
-0.5883069823852827,-0.9937186568714409
-0.5869046201639563,-0.988916569173598
-0.5847721015889142,-0.9897158345184401
-0.5789290265613589,-0.9972146748866324
-0.5738926429698212,-0.9883974657964213
-0.5701112915475113,-1.0020621690209635
-0.5693191831882318,-0.9789682094808474
-0.5606003452142487,-1.0079122478443412
-0.5460399091871544,-0.9658277958049923
-0.537287445056152,-0.9759457055587573
-0.5344090172264444,-0.9859744389131645
-0.5342483451042477,-0.9557515183225518
-0.533725857023625,-0.9734391580940824
-0.5330173081510141,-0.9506397609828928
-0.5136732646900009,-0.9463044208000687
-0.5135449779301178,-0.9428957156533462
-0.511286607501201,-0.9498058322076166
-0.5027516202175706,-0.9566696504876896
-0.5013936485549246,-0.9314463453099344
-0.4910188357779659,-0.9037182468516243
-0.4903833173075598,-0.9236537996212333
-0.48924631989877554,-0.9281643620415267
-0.4877951471698738,-0.9003035129935164
-0.4768223287511226,-0.8882376181847256
-0.4762267469973889,-0.8705066328533535
-0.4600634250718647,-0.852215172133173
-0.45609923483648807,-0.8137437144555831
-0.45256095388784345,-0.8255380056416473
-0.44717989736529873,-0.8113616789224505
-0.4447232148554052,-0.78991905744612
-0.44264664566061906,-0.7523787407297047
-0.4426201473233897,-0.804552215224605
-0.4413298003938646,-0.7891749252146137
-0.4248808038480689,-0.7292277353105454
-0.41977759181998886,-0.7472011264927603
-0.4197419551245787,-0.7323552218359779
-0.41857288970529094,-0.6995873761692682
-0.41615800374958667,-0.7170770508815454
-0.4088298616636128,-0.6532712118472519
-0.39668539376345,-0.6432122238394101
-0.37688456215695254,-0.5582445214516797
-0.3768262691406594,-0.566432021894339
-0.36111304804092104,-0.47848767408577353
-0.35196571213319316,-0.47506542974683696
-0.34954998803383974,-0.45252581490844235
-0.3495179309475658,-0.4479061220135908
-0.34491408949096725,-0.43729232517629296
-0.32401793074114416,-0.3160477173358655
-0.31529231846103967,-0.3123258999168814
-0.307850974345548,-0.2605857723346174
-0.30646494211231445,-0.26694998846909884
-0.3042024455430541,-0.2664555570426489
-0.29800753914183975,-0.21739901433588915
-0.28943393138601436,-0.18080103584617954
-0.2870089130356366,-0.16582300669136596
-0.2782230111398083,-0.13572789995115297
-0.27540366250656945,-0.10654031357664273
-0.2726355865957668,-0.08994987891057844
-0.27253676606877164,-0.05679560514291824
-0.2526643203777059,0.011487992901709756
-0.2513951550457105,0.020394455922373503
-0.2425637012984554,0.0374489322369458
-0.24162619926629958,0.06790392126552179
-0.23859099098117387,0.07679497316406295
-0.23671536777975533,0.10146123383888882
-0.23533971305539225,0.08189219035225097
-0.22979204170630396,0.12929670473285337
-0.22314986425521433,0.13043427260748017
-0.21572193358096392,0.1640874367011895
-0.21460018286666482,0.17100954718837724
-0.2102774362664528,0.20920843156967273
-0.1979380028079083,0.28494533459945526
-0.1936627832007325,0.27803544768549715
-0.1791455986182222,0.3369016177141501
-0.17085990153038821,0.3758279625295857
-0.165744821491574,0.42566346827573515
-0.16435538157360963,0.4219067433757665
-0.15505637608452094,0.4529713260360305
-0.15291994668466824,0.4725322138215866
-0.1509254709407033,0.4860498663813793
-0.13357151364550557,0.5850232143525126
-0.13279113385934327,0.5426836965752042
-0.1324806460601824,0.559661447400541
-0.1322236264554908,0.581857229829213
-0.11223479621260157,0.6202432626250102
-0.11185328325688548,0.6197101393010553
-0.08112966966514179,0.757520379306354
-0.08050182339378642,0.7436520905590329
-0.07685039493637458,0.7304609224730512
-0.06766583122425285,0.8040441942852886
-0.06338479469414793,0.8248634644937484
-0.06032652443455433,0.7898073155528111
-0.049505541424322175,0.8362093860490794
-0.0448852672076665,0.849395079551229
-0.04475057120574144,0.8386744067571705
-0.04070741941318001,0.8414491413294328
-0.03926496217049058,0.8672859588577922
-0.03463043981326086,0.8789879984983258
-0.03287808441789064,0.8676927618135126
-0.03276844674165824,0.8672396129067813
-0.02644858664317251,0.8940390433236836
-0.023330362829033113,0.9119416997627874
-0.02032016215850785,0.8859068980979196
-0.012160054309689805,0.9290914420697597
-0.010379657472860515,0.9497291739446738
-0.002445088087120517,0.9409263525552797
0.0074072395469810814,0.9553901695328161
0.013168663969701289,0.9605966002338826
0.015300226338592182,0.9482047906774889
0.01704008436864113,0.9929517452200526
0.018373053685190932,0.9670495431631801
0.022889199820415485,0.9709584839780249
0.023729619589311746,0.9533014797051691
0.02797061498877884,0.9831909498303254
0.03457695568741537,0.981184684697044
0.03871922207329481,0.9909586544330642
0.039807809204353894,0.978533036272709
0.040629727651461334,0.9966161903612731
0.04268352184078816,1.0038970925183028
0.04692608997334613,1.004317902634764
0.04962096696751539,0.9765392668116223
0.05246611131386425,1.0003374937047032
0.05858699184497329,0.9812686460881702
0.059581533583157764,1.0018364369407227
0.06877386683558795,1.0219881787406329
0.0904406205267696,1.0026630020868488
0.09647220512010879,1.0003646462114701
0.0969754694217162,0.9809870996912348
0.0983150272243507,1.0070265065514004
0.10360829035864949,0.9981419615355097
0.10413707429695629,1.000850510133584
0.10547430225337084,0.9576840401992953
0.10902345649324907,0.9805025789679342
0.11108501239600788,1.0051212237265115
0.11670098391124295,0.9706093752818481
0.1295247169441751,0.9583024106230449
0.13441763433788845,0.946873381220346
0.1392599487238293,0.9605145685313757
0.15676600312853317,0.9056829280254213
0.15737260723765534,0.8978914302935614
0.15993370565539955,0.8792104609016533
0.15995711000257007,0.8974183843439607
0.16024827256019858,0.915521084320634
0.16034607194491102,0.892645224285652
0.1704343287169916,0.8859638590022424
0.17652194793839993,0.8685675129729098
0.1829188454665731,0.8633709412168051
0.186445539547615,0.819877109960763
0.18963569351943832,0.8289526172922834
0.19080063925147073,0.8371141215694264
0.19526385052916329,0.7900230189432688
0.20483455066873146,0.7767391341459895
0.2070757593991024,0.7538721358866332
0.20997243344362282,0.7733687668462084
0.2144895910084541,0.7480449626373614
0.23892726769651862,0.6684672849263056
0.2505542682128685,0.6271647541680306
0.2527678388210175,0.6260257977854261
0.25404815627248967,0.6169729117764586
0.2566946114975974,0.5976104782647991
0.2647368874694864,0.6124148651556839
0.26964501853974365,0.5427334767391548
0.2716933337120464,0.5360250008057587
0.27180001357993344,0.5354371820390262
0.2765669976439056,0.5418870686329064
0.2783367732568083,0.519585738273511
0.2893138432642939,0.5001870161569109
0.29353758794438267,0.4836220304632802
0.30089129339267906,0.43168821391126366
0.3123531174008667,0.399528523003581
0.3172251790365288,0.3406420627078668
0.34119419399340956,0.24178884870475015
0.35636346042014644,0.15408703490708564
0.3588366212386669,0.1768756381271979
0.3617839608648019,0.15125632078706625
0.3619494172301163,0.1555689679170059
0.3648558628011509,0.160556244396417
0.3654402204780438,0.11762308909919322
0.3684493520095464,0.12425293601782042
0.37431567650323494,0.09219394974156653
0.38561787110788837,0.03966919336295742
0.3928661970234901,0.017707514537104972
0.3932938837999984,-0.0016526083083330298
0.40040872550746043,-0.04517954355811772
0.40913569087357615,-0.05758470082492282
0.44077613609192934,-0.24542133006532962
0.45958312674173873,-0.31067809392695517
0.4623634944853352,-0.33773472055503523
0.47549863913386137,-0.39483319107980996
0.47887153008802796,-0.378947738623908
0.480650135303625,-0.42021901478246126
0.49554857897602567,-0.48498359112508094
0.49675767065675736,-0.4730723223639295
0.49883464690658297,-0.5157364949379484
0.5004332554447974,-0.5089024653874232
0.5018923179123096,-0.5227964023849364
0.5034155543600374,-0.5171273982167814
0.5130551362032074,-0.5365639186153492
0.5188003088526614,-0.5654834438199341
0.5216403486630532,-0.5694692336992506
0.5248423243827842,-0.5823993403151692
0.5306137514423184,-0.621740152701829
0.5314065180839762,-0.6382628362027577
0.5471166738799798,-0.7012566654604596
0.5522965560669055,-0.6976811135679765
0.5592307005903532,-0.7174762905820601
0.5692340670085168,-0.7443194992032652
0.5713385053863904,-0.783082397408508
0.5739873008032657,-0.7794610736609441
0.5898493792972443,-0.8448221191778412
0.5912995104143128,-0.813144922466774
0.6110929623491512,-0.8736617992812815
0.628963826967242,-0.8968677642852246
0.6295324865216947,-0.9258420055616625
0.6298882332650928,-0.8987947093104484
0.6312696161275104,-0.9338171355721036
0.6321727761785603,-0.9152395897855796
0.633348773439943,-0.9210656682479436
0.6448879908641971,-0.9357408647628909
0.6451256031982617,-0.9369736717244038
0.6513755961012508,-0.9575034543470312
0.673733887743599,-0.9660620549544289
0.6789960476944077,-0.9948806223725142
0.6792534945527899,-0.9609183717284407
0.6823187720957229,-0.9882926604038097
0.686423905911504,-0.9833882484327833
0.6930540182897036,-0.9824606324812777
0.7027893783922163,-1.0081600915939335
0.7033587789504594,-1.0206045593825213
0.7183882333713627,-1.004350148892296
0.7191515154277699,-0.9929580435551697
0.72367764128935,-0.9961616861260909
0.7268815930284935,-0.968326915266597
0.7304431596614895,-1.0293133608944904
0.7408989667215202,-0.993256203788912
0.754144389798987,-0.9850500122365276
0.7585612691491868,-0.9548839902325419
0.7674173906157904,-0.953729911509938
0.7685159589357671,-0.9797380893546566
0.7755520933678186,-0.9646336721204324
0.7880134466379447,-0.9536118689388439
0.7897968340672676,-0.9353541416895538
0.7922642325847957,-0.9305647056677685
0.7939566722572273,-0.9488366647723853
0.7952455987809715,-0.9150467737789792
0.7991343349059177,-0.9118351521902782
0.8014589859886705,-0.911810058160387
0.8022784679879496,-0.916968336339042
0.8030261867258925,-0.9395294900554191
0.809888718410618,-0.9204184561674049
0.813753413222166,-0.8904185112225005
0.8172238833231553,-0.8537148321179195
0.8176235235091349,-0.8868484996283608
0.8214285358715072,-0.8780235632291526
0.8219780048814815,-0.8842259766831558
0.8251857672115568,-0.87823661154387
0.8285031966058187,-0.8555716204273178
0.8351901012210012,-0.8451415678740578
0.8354457796348367,-0.8345163165114312
0.8437001395285231,-0.8177053789720576
0.8484847361961201,-0.806712121486195
0.8560469633288648,-0.7877661213550995
0.8569940162238874,-0.7946576575181735
0.859315694525498,-0.7743429746875041
0.8663229672663411,-0.7353672304464728
0.8714677840879332,-0.720062307266733
0.8717737663457479,-0.6911902669012816
0.8726604470082258,-0.725959161079518
0.877299051118297,-0.714713607214972
0.8811098965289395,-0.6861452710853526
0.8852883714057356,-0.6862640128242102
0.8864277745579212,-0.6784449851519564
0.8874599944957673,-0.6752161104461313
0.9010858186589332,-0.6338604547561554
0.9123577235919553,-0.5504420214024632
0.9148633910343067,-0.5747993467871461
0.9227503898067289,-0.5355942354815475
0.9468308120706013,-0.4147643630107196
0.9592315443136759,-0.38750397908518275
0.9720673498971131,-0.32165694129055905
0.9792242640233129,-0.2909881042090038
1.0060505299701514,-0.15998236281284403
1.0081608835911169,-0.14891395960828838
1.0165587184341245,-0.11957798188931623
1.0192040003712775,-0.10144972898080575
1.0196058336125802,-0.09196101842734716
1.0208206895385317,-0.10865909978384376
1.032223671731507,-0.04654587941309295
1.0366641566695245,-0.006759135972598741
1.0458621892303963,0.05088054504109494
1.0472970740069831,0.022652403110732085
1.0570470483104693,0.05432804680511538
1.059671871493654,0.1011830210315142
1.0620376481118239,0.10892455548394485
1.0725715774128943,0.1771716601895976
1.0805609136674663,0.20696754851100146
1.0937802010285598,0.24399921515656062
1.0994155768228886,0.28977227164066616
1.1017797425927656,0.2863933022093767
1.1119270003544885,0.3636777577728504
1.1120004987873822,0.35231350691769997
1.1158827966114835,0.37820586733653994
1.130909141291502,0.4358360830371917
1.131467410991247,0.42177045736527935
1.1318866774517469,0.4309560200578279
1.1348242307120904,0.4703114545528544
1.1386115354351372,0.4340078803275854
1.1406597194079575,0.49462541129167864
1.1528445360454933,0.5184963726771353
1.1534506300513492,0.5293935739629869
1.1599124611637794,0.5574428726623233
1.1703761340903567,0.5864045610063608
1.1717893565187563,0.6260625819864478
1.1777710996395765,0.6331741854905573
1.1960071762564297,0.6912824549547204
1.2039210338275623,0.7255892588041847
1.2181961528854712,0.7833761329776128
1.2255421603718943,0.758221380017641
1.226248813820611,0.7877299560915118
1.2359045070582786,0.8254091929633487
1.2361545826134366,0.820705625432338
1.240159946435476,0.8322354295799314
1.2444820944399488,0.8373411045663918
1.2571151480734581,0.8600713425937611
1.2574834678848212,0.880427048486397
1.2699831272638589,0.8985046684594917
1.2721870208583468,0.9058748119105402
1.2793973360024733,0.9365220508708001
1.2810427429235594,0.9368083138677971
1.284536158253995,0.9253217791549183
1.3130291364797086,0.974406112991501
1.3337772112173338,0.9961396924379144
1.3368400416283341,0.9855883173577243
1.337422353080199,0.9830687473075647
1.3383631707510633,0.9650954667767666
1.3388268413735611,0.9612500610675245
1.3501871992199952,1.021426337366169
1.3528616010824157,0.9778328071464756
1.35929136996399,1.0115991389092787
1.3683162979816252,0.9844398212929549
1.3703291910566566,1.0113330669338618
1.3711417559847785,0.9588043133735813
1.3772145509325053,0.9926696680899956
1.378601930265817,0.9971760960622249
1.3810819327144008,1.0262974214495038
1.3927772095650086,0.9645979752188218
1.4050649963371953,0.990433701485049
1.4057413224621929,1.000737704737404
1.40723862809293,1.000024546927178
1.4171308870408925,0.966329947234264
1.4248497559725024,0.9757195527212275
1.4260823007328334,0.9253605834891524
1.4359496589774707,0.9513757026876144
1.4364114194196436,0.953347370568298
1.4393466959848302,0.9131754696045168
1.4400629297042826,0.9209337163001053
1.4412219288571588,0.9477487745887231
1.449046959354753,0.9180365024284843
1.4602755383447503,0.8882137735444038
1.462182958426708,0.8990704421866047
1.4627343396858485,0.8765528778113798
1.4669549523123093,0.8775183270434853
1.469030204341526,0.8501734592516773
1.477050791391675,0.8591135469851627
1.4806885864921897,0.8442833717064114
1.486971700617441,0.8456554419350975
1.4902923542496067,0.8064854176014264
1.4944394610359684,0.7815153312724267
1.5000497338587664,0.7949227717857417
1.5073400215318662,0.7694555823680715
1.5120475683700807,0.7756711884046767
1.5151251245408979,0.7384478418868835
1.5223390610842902,0.7123590367750989
1.527914973465137,0.6940207107242805
1.5314115910062256,0.6802554358136497
1.5414862753537104,0.6550290873471772
1.5572631400477785,0.5814438884164405
1.563213084835116,0.5663005919857508
1.5736707667994878,0.5350158333134702
1.5769738411136984,0.5118276339451369
1.5788139059806001,0.5042444291545668
1.5888501650594398,0.4723489076138249
1.6011992727649584,0.4093920882017125
1.6013194370074633,0.39446750876419223
1.6025582810329642,0.38658262094469986
1.602578573659728,0.3789265129732771
1.603755233892934,0.3912758270623601
1.6039808921926513,0.37752882637208
1.604985217169503,0.40034782667205937
1.611820276618726,0.34679213010467946
1.6156782540101409,0.3469717918778188
1.6235292762757325,0.28863647331258385
1.6274181377846348,0.28333696482620846
1.628425815227235,0.28783111790496557
1.6381420445280863,0.22648238097400772
1.6382512339230795,0.22886799392120996
1.643532337819944,0.22010973710046958
1.647167063307588,0.21524864364143795
1.6480985722844554,0.1809456249970079
1.6510012720729081,0.20134243380873376
1.6518243465759461,0.17486081081605787
1.6654513511701117,0.09066105182664581
1.6757585887509867,0.059107996573157004
1.6847457673969757,0.008986770409632104
1.6914415473788385,-0.013905993689078959
1.6930865595472504,-0.037000273145218136
1.6940186380156472,-0.036896983656301695
1.7068853284497392,-0.0967919647144699
1.7097494307254495,-0.09484738410129029
1.7102454798624311,-0.09773413666530667
1.7195431045501728,-0.15681610370261115
1.724147340098047,-0.17822201307514704
1.7328439304741003,-0.21506875259730854
1.7358816309935197,-0.2354858415314482
1.7538716979481492,-0.3099865498136013
1.7545910943919427,-0.31717408055029783
1.7859234449715897,-0.47090764999404067
1.790614462447432,-0.5154511865854725
1.794656808891963,-0.507476000677408
1.8087894059829495,-0.5629163645462861
1.8129507825607591,-0.5618589741700735
1.8334563365829464,-0.6596575332105429
1.840187610692837,-0.6854124485747581
1.8570468810097331,-0.7455145070575425
1.8621811255756926,-0.7500383992403739
1.876388089238782,-0.7837796779585423
1.8784860223365643,-0.8136113076592079
1.8793895549670818,-0.7908876495168223
1.8878940287112709,-0.8426054009872562
1.897091437586357,-0.8796703554734904
1.9182755289897226,-0.8925244237524546
1.9202561651615628,-0.9128228135789194
1.9401154269616114,-0.9430904902820331
1.940761623475865,-0.9549821591778194
1.9543764320017605,-0.9526696909286633
1.9563418522863696,-0.9651830714082582
1.9656766395108063,-0.9636177123615522
1.96631123567112,-0.9797345902422985
1.9671792370902939,-0.9980775527872771
1.9707965862767036,-0.9894363143049445
1.980273710971428,-0.9814825874952748
1.988243704376444,-0.9980076515655476
1.9895671077269004,-0.9941989725685657
1.9911827624830085,-0.994851043124935
1.9930234215879432,-1.0003377509550555
2.000816782570457,-1.0177122824473692
2.0024736438544872,-0.9967060298659347
2.0069806792055944,-0.9874279233592124
2.008391373423434,-1.0139235624473744
2.0210771064872146,-0.993492490409701
2.0265155190702444,-0.9965601638777911
2.0291398586298968,-1.0027127211413602
2.0460349699853975,-0.9912476663514088
2.0460936135470558,-1.0097822297425558
2.0488475666309123,-0.9911552328312894
2.0693549384518164,-0.9557641414117634
2.0930182711867893,-0.9268770085994484
2.1023605753850285,-0.8822762900369852
2.1029874415203365,-0.9128061947762798
2.1040045405285657,-0.9057637448718892
2.112016303583223,-0.8774033802631246
2.114448984734813,-0.8800757379835721
2.1187670689638374,-0.8491310426136962
2.1216863798649612,-0.8541400819025109
2.1252610155083413,-0.8331724738467543
2.155537105290657,-0.7618924863389659
2.1616951173787937,-0.7191769787685669
2.1658124411955306,-0.7141384985500119
2.168079225423509,-0.7084869357239524
2.1696771645650452,-0.6880294091639859
2.171461435315435,-0.7090354094906908
2.172719868492596,-0.7269903556210168
2.1894106961535638,-0.6218509466275121
2.1902258766131713,-0.6264160137544008
2.196114178209662,-0.6229556758928201
2.1967887819659513,-0.6148530369852283
2.1976016598807933,-0.5852149686932301
2.1996731517704937,-0.6154441200071515
2.2059895956965265,-0.5911761143254725
2.215233562397377,-0.5440320604824214
2.2219093927437044,-0.49674398955181687
2.2250777493878875,-0.5040794063489017
2.231450345492635,-0.47222539304921646
2.2338677127127253,-0.4486324285275095
2.23559882793277,-0.4504201264074396
2.236320204634395,-0.46475605425313365
2.242434243842511,-0.42907885531837653
2.251379429075202,-0.3574588076213778
2.2529169173695713,-0.36357178647023713
2.253469577918583,-0.3626132018896089
2.276221749582623,-0.26939452222852434
2.2857407747187724,-0.20974869899928922
2.3014982901415975,-0.16230784892655187
2.30483010417794,-0.11265636201093628
2.311469377200189,-0.06689084540456469
2.3132777734827794,-0.09597165691584661
2.3279036240563267,-0.034290162662988205
2.329843140868986,0.00321429682583454
2.341375094662931,0.02890850754680383
2.3489738305573855,0.0730323797779603
2.351009708264402,0.0955094171757951
2.3582000513441423,0.1473724704705832
2.361441648724284,0.14681773851253857
2.3689007758708565,0.1826916144200928
2.3703149649975552,0.17679216892566657
2.37508031991585,0.21122386498785167
2.376166952897119,0.20484931938604328
2.3783545271512887,0.224345698953346
2.3800431269987303,0.2351350318946222
2.3809137789650965,0.25046476580790017
2.3875558533298396,0.24570002176424371
2.3918078837879815,0.29304768106174234
2.398916009018632,0.309426931606855
2.403253669107107,0.298642215618467
2.4081320390971506,0.3704666282041648
2.4094110292380995,0.34878844995096125
2.4146791914988954,0.3840151353986705
2.4195815032097734,0.40098197324935453
2.4242193483324,0.4245922514530214
2.4280549468844237,0.4480203691886668
2.4288221620523274,0.45885890935320217
2.4489960360123924,0.5285713020984794
2.459066009239212,0.5552062249952782
2.4603306348673843,0.5871225165756956
2.461533371892301,0.6041508685869775
2.468090828190311,0.6128915406110976
2.470016370997488,0.6157063756449863
2.4728361027629893,0.6210035984045682
2.4853980165155463,0.6708812348469263
2.4937175173533817,0.6879406636317801
2.493882941904581,0.7017984546219072
2.494627215480347,0.6980894664729314
2.498284547495964,0.7198216498117049
2.499979912633984,0.7357743191812083
2.500870829779884,0.738286687407042
2.519181149753737,0.8114375844908798
2.5272706258431423,0.8238600763866498
2.5296314632505306,0.8205348117791486
2.5342580921300657,0.8704658465169306
2.536437692214225,0.8376422843103197
2.5441675696237684,0.8392420095229108
2.544175834434305,0.8587898087544175
2.5505890788582164,0.8825613967452172
2.5520160721343883,0.9004331139692622
2.5547973912809354,0.8792579966578614
2.566121791117512,0.9172326481117448
2.5707851493625995,0.9202641776084596
2.5727029376760484,0.9345513334117495
2.586595783210768,0.941004231864734
2.5999838355226457,0.9581844150047792
2.6013729646125574,0.9693442383936797
2.6049991084738204,0.9840846349900183
2.6075816090836446,0.9624319069239663
2.6137056528906824,0.9611651213593625
2.61821239007378,0.9945894346727572
2.63086539955673,0.9869903590705533
2.6326908686223742,0.9748865365349362
2.6495022896889653,0.9899663638227729
2.650448445494707,1.005596660077966
2.650522847570257,1.00333885758186
2.657276266937431,1.0044603573702453
2.661930856387027,1.0045931466675513
2.6646023721477325,0.9952667491239924
2.66673423401778,0.97097429932376
2.6742310457963656,1.0047063229734963
2.7017121304881133,0.979470293600242
2.703509985219008,0.9562228968241332
2.713183331899848,0.9736588321550445
2.723032137027321,0.9670952712210044
2.733611592779317,0.9100294578454985
2.7349923441696395,0.9153595509785495
2.7352996693221474,0.9277606694723799
2.7464895747600426,0.8920550134080065
2.75120323826029,0.8788920447156674
2.754027011844541,0.8867047619673211
2.765917089499874,0.8677693181051116
2.776567654378727,0.857368411738869
2.7863812907636962,0.806322771900935
2.792826012831103,0.7721835787464045
2.8032123519957004,0.7463081867541196
2.8055507646434013,0.7445810300037232
2.8143639037294728,0.72937063025945
2.821876337210032,0.693502440653549
2.8263811239852163,0.6537675928182343
2.826571061239889,0.6795513522703968
2.8321783605569433,0.6475044600961184
2.8337568919674974,0.6594757411213037
2.8498826314232115,0.5914028930342056
2.8523468211329606,0.5497934793945548
2.859865887083693,0.5592985354527988
2.863719084887814,0.5379092784916231
2.8684083748274167,0.5174185398539392
2.877397087701194,0.48287550851075406
2.8779706194475443,0.4807606590229738
2.89813821133563,0.3749541826469324
2.902797010096849,0.36909110179977306
2.904220298999852,0.3609655500754262
2.904445977850102,0.3433701091427022
2.9169238824819095,0.30798713027151386
2.9197129994574826,0.28520701746725446
2.9251577687868924,0.2415079453977221
2.927360925345983,0.2376691460335982
2.938434937406668,0.20650454270343963
2.9432913395141407,0.19406680467083787
2.9450232280659305,0.19943225193636105
2.947426673922296,0.13883233905103987
2.947883725085795,0.14528132762867715
2.9647884166577363,0.07401810409996062
2.9672762828159076,0.04849842154346505
2.968256965503894,0.05168016419011019
2.972548341449132,0.04762162311885974
2.977281485391968,-0.011913356446572819
2.98444266524106,-0.029621498072406004
2.990692437698894,-0.059437317552432915
2.9920477974354585,-0.07205715965808092
2.9934615104657043,-0.07827488568824363
