n_harmonics,base_freq,instruments
1,4.413794273096578,[<ufunc 'cos'>]
x,y
-2.9935486147822763,0.29672771381659513
-2.9926049349940382,0.328790456181583
-2.9902142316726668,0.30057049409634856
-2.988988290077569,0.27974276524993846
-2.9854921935895096,0.3060448859354035
-2.9827258398391963,0.29142692706375467
-2.9822692142112617,0.31714520174937944
-2.9811795029916004,0.28638077651645444
-2.979819488949671,0.23352424614745906
-2.9543829736496328,0.1607857010128713
-2.954047652047665,0.1332258521089682
-2.942875000861548,0.11156724032002954
-2.93642860714023,0.09392032672240747
-2.9340491847985684,0.10842447571458211
-2.9102932569594735,-0.015579666598735619
-2.9089340393594396,-0.028620407936635943
-2.907031395650197,0.012755598814840868
-2.9064326424749787,0.020975589962340585
-2.8917406681390885,-0.044734623944523
-2.8843475615852814,-0.10679804715841956
-2.8842123062973295,-0.18560352330929913
-2.864259513474858,-0.23227770515259544
-2.8642023582741656,-0.18745675391474947
-2.862630404724749,-0.2268322058852306
-2.857337652023312,-0.20989688482228555
-2.8510473059940713,-0.2272376230395037
-2.85033244695167,-0.3038540999302609
-2.8414763884503893,-0.32013753003180234
-2.8344706688233776,-0.2902896600637837
-2.831632658205927,-0.34715802411637714
-2.83125702452413,-0.30285124924362966
-2.8268110461345315,-0.42691353716173797
-2.825923173563749,-0.3793019931909825
-2.8257865004904383,-0.38474832872073
-2.8193463149208937,-0.4785830322251257
-2.797263040927667,-0.4889021648831606
-2.773216360009333,-0.556734273199185
-2.7724205037690943,-0.591100976558518
-2.7659497563879825,-0.6212746040886663
-2.7563358297079343,-0.6632924357074425
-2.749568274555193,-0.6805551378399459
-2.7458952672194537,-0.656577461319487
-2.7440411124064603,-0.653966187150072
-2.7250737778676966,-0.6995234940308076
-2.722336831870169,-0.760131612565389
-2.7133457955319975,-0.7520870433765308
-2.6972548894160386,-0.805322007990898
-2.693366606848145,-0.7936707212237568
-2.6867431809776314,-0.8966297511312017
-2.6777860317747875,-0.8656894957122406
-2.6776213449065303,-0.8903019285665521
-2.6680225497060404,-0.8859392987402112
-2.6659535118568742,-0.8353848446185108
-2.6583762415069194,-0.872752049473778
-2.640949301913208,-0.8658019284386007
-2.6387930635162804,-0.9648009879178919
-2.637996397985649,-0.8740505387524925
-2.612526218468199,-0.9629156298215504
-2.607066457173525,-0.9475742158037982
-2.600275989385139,-0.949249833721591
-2.5893260632453394,-0.9570199712839319
-2.586427725396239,-0.9792411907981908
-2.582541620348994,-0.9468669638728215
-2.5737551253219157,-0.9965649599224601
-2.572103489127496,-0.9425521245214515
-2.5704578474222117,-0.9704820094061455
-2.562526829801609,-0.9902571698586763
-2.552934337348791,-0.9578792273556597
-2.5503934352705553,-0.9745671668551132
-2.546900992164283,-1.0029409630335309
-2.5417949013711025,-1.0037347828289258
-2.539230173288016,-1.0074913890183734
-2.523045710800888,-1.061245532987035
-2.5210392790003553,-0.9865704318799862
-2.5188550887721366,-0.974288190876652
-2.5030640214525413,-0.9743990662124083
-2.501483685555119,-1.0018042709277788
-2.4971783170083013,-0.9552456100913651
-2.4943862050300853,-1.0095262139056442
-2.4936932285763085,-1.0132460336647553
-2.488730141892675,-0.9853716969676917
-2.486879207410242,-0.943032887450014
-2.4855519839508338,-0.9355951720984129
-2.4839226618142987,-0.9778315675273104
-2.4756983771950227,-0.9650084413947283
-2.47554231267916,-0.942566594280822
-2.464148067028344,-0.8907056396165153
-2.460751816744974,-0.8920095121644319
-2.454699474225925,-0.9109078894737216
-2.4531510604446565,-0.8716073055241661
-2.433471568716236,-0.8194875841470066
-2.431971412117372,-0.8076784684257816
-2.4294827703328723,-0.8492523069842247
-2.4293946489253564,-0.8702807995342418
-2.4282670397226416,-0.8478790568072188
-2.4267854988659225,-0.8295868687471378
-2.4239560872485284,-0.7955406488706909
-2.4230601980230535,-0.8361242952759309
-2.4213431803423777,-0.7934271308727741
-2.4191389307771867,-0.8227564161107743
-2.418787075306188,-0.8220677223680608
-2.414941034215042,-0.7952077087575198
-2.412452424210428,-0.8366677076562247
-2.40912027523112,-0.7235195440548288
-2.400580048529262,-0.7751036638669092
-2.3858371097782873,-0.753424971875064
-2.3844482776185933,-0.6967091247960715
-2.3837587601414514,-0.7359269988353051
-2.382156045071649,-0.7157304279640786
-2.3695651597469483,-0.6832647385899108
-2.3669595981557467,-0.6596604350684713
-2.3506288648747846,-0.5292420098599937
-2.3467430454240077,-0.5743902156492918
-2.3443178750422073,-0.5193262535770462
-2.3428574123727937,-0.5836221047977768
-2.3411183746504984,-0.5970412875740664
-2.3377315055310772,-0.6019084270303604
-2.3345786871814633,-0.5580177684650911
-2.327600419824843,-0.5574903345379183
-2.322083794584258,-0.4932312151773886
-2.3149613934140088,-0.4445798084686061
-2.306735846360826,-0.43685940593141387
-2.30027272675027,-0.4210705188324046
-2.291569871073084,-0.36612423808374095
-2.2904119688162794,-0.4166240134862667
-2.2810416653852457,-0.37789372365565554
-2.2792673605372205,-0.3274759095764162
-2.2779807117156565,-0.3163303719165885
-2.2778472935554817,-0.3371371345673873
-2.2770626378238075,-0.2768920248028732
-2.2756506115505584,-0.26104668611787163
-2.2584681790396592,-0.22095957974972424
-2.2580955006139787,-0.2604061768881646
-2.2571244513978836,-0.28062429758098456
-2.249388604908463,-0.23479783208548113
-2.247523330957274,-0.2356857267293713
-2.2471936340098906,-0.19664439170890047
-2.239720757037669,-0.18780120681320728
-2.2396843284397,-0.24003038855443012
-2.235408137268065,-0.16418150723789374
-2.233173031803362,-0.11608362529208782
-2.2290601781888064,-0.0792459426799798
-2.2220789461748764,-0.04754992892335908
-2.2204920914941764,-0.08819124019120413
-2.2182420587738525,-0.08830038260734474
-2.1992771142947785,0.03802260015099748
-2.1985803062778833,0.012886059783148694
-2.1922618756325947,0.04786309699877531
-2.1832886129029063,0.07633077490330821
-2.1775857445145057,0.11117093882715
-2.1718948930672894,0.13246366581754068
-2.1675695975967084,0.13371524176738148
-2.1511109108730304,0.28096783942894143
-2.1500990326836718,0.22992667281121573
-2.1377126803038453,0.305310314274485
-2.136344764445802,0.29485167085979896
-2.1340885118828306,0.3375355897128881
-2.133718039625652,0.2636761842737329
-2.123434377078887,0.3148993139825069
-2.120467323993827,0.29535553281850646
-2.1187554563403084,0.41015518457977923
-2.1185036942734845,0.39586083927134597
-2.1101655024460886,0.38863312092923613
-2.1077184320889875,0.3862851844729189
-2.107689738687049,0.42431525000562514
-2.097531886187295,0.44142199554847916
-2.0902452840983337,0.49903809450527975
-2.0798126906808356,0.5368392320890677
-2.07598093899304,0.5356320772361136
-2.071669455698242,0.5145042366542755
-2.062167093765609,0.584336563365818
-2.0603260363723725,0.5468942230990962
-2.048637376313244,0.5793573349549471
-2.0458325749790807,0.5944960124858462
-2.044929558250458,0.6540595328306441
-2.0439779780755107,0.5922858224226422
-2.0376584879316013,0.6598120721800955
-2.029364738877418,0.6821886942266057
-2.0293376994996413,0.7270315425881843
-2.0266115909803952,0.6535679096095269
-2.025944412174118,0.6973825704215424
-2.0246200707759865,0.6928385353450823
-2.021049785474456,0.741181491866423
-2.0139595590051256,0.7373532040542832
-2.0065340042653634,0.7069224926426108
-2.0013011605082696,0.7882447587022818
-1.9898903213609525,0.7228704597683594
-1.9732172232265988,0.8234785487496163
-1.9699507476460383,0.8748287395952186
-1.9685878481849428,0.8228074887825204
-1.9573507194504192,0.9102576908185485
-1.9561119199160473,0.8812480151721926
-1.9559468892242564,0.9040155467003597
-1.9522862611308445,0.8807194773336595
-1.9506832249605708,0.8885845221404267
-1.9487597085192867,0.9137180615710738
-1.9470831366636248,0.9136590534532495
-1.939039709770941,0.9451436816231362
-1.9309907557342743,0.9860554802074277
-1.9308409223938794,0.9006474809529074
-1.9279427692540558,0.9797857542670704
-1.913763782846002,0.9685677620626333
-1.9108526363397875,0.922028238901976
-1.9108108479463752,0.9236003343474013
-1.8991186797536213,1.0097134004244108
-1.8962492792092702,0.9715728566904146
-1.8887364731607528,0.9679142169382676
-1.8841965992396716,0.9492529603641877
-1.874605846433851,0.990081616706012
-1.8653636208542013,0.9871683473771213
-1.8650825648977611,0.9333554565143345
-1.864521464455209,0.9816836721552812
-1.8611215426966787,0.9779775466647442
-1.8437629263102893,1.021501751692789
-1.8366217664165128,1.0011673104781635
-1.8336671385732675,0.9647355712170959
-1.831796043334313,0.9888316133132422
-1.8280332048166328,0.9911985795046622
-1.8241259051350367,1.0204568070875566
-1.823411702907157,1.0098845205615268
-1.806933407798615,0.9969669958130466
-1.8008013582674893,1.0063713709937394
-1.7983334955269525,0.9572001439480404
-1.7883479013922017,0.9633464613729096
-1.7793821491591664,0.9607150360868992
-1.766379715281693,0.9519444726814899
-1.761839292644859,0.9559132954352445
-1.757239404872833,0.8977320282592128
-1.748771994275168,0.915526039620683
-1.7459002598098692,0.8921631176486156
-1.745788373039194,0.9012498860404345
-1.7457545892780388,0.8574812465919615
-1.7446295036141908,0.9235096376230024
-1.7400539586785189,0.8979101167108777
-1.7228310496082326,0.8205596966666605
-1.722579515924551,0.9048260092694685
-1.7089431256410013,0.8262818954799632
-1.7086645273556405,0.8598607313430012
-1.6929619809384924,0.793705672335451
-1.6885512348386542,0.7233326643721054
-1.6876584369400989,0.7559809363409203
-1.6818303100620455,0.785515887315827
-1.6745479692887046,0.7270051882097083
-1.6744746287986056,0.7518049142514592
-1.6617974847187629,0.6484785637598973
-1.6300948784418208,0.6092302273159442
-1.6214433547809406,0.5818070298607518
-1.6202749474985028,0.5183409493597078
-1.6187060023791906,0.5284994564436152
-1.6092013503879201,0.48683107585217894
-1.6072654894184883,0.5149360699780593
-1.6070473128187843,0.4289804299981498
-1.6056294798159787,0.5308481544502607
-1.5997619301747428,0.49294746357175717
-1.5958443241595788,0.4516123183520115
-1.5795669608296357,0.3539160938907342
-1.5760070263691108,0.3484786195177402
-1.5743749481148235,0.3433304660038039
-1.5737747948406628,0.37405408553679675
-1.567959892962552,0.315615282073911
-1.562978152813571,0.31406956524818147
-1.5557836854392781,0.27574173123248236
-1.5404394898791363,0.248099828461613
-1.5253291340205573,0.1420881840868679
-1.520345655818465,0.17988729423589192
-1.5144351807992682,0.10352604173491237
-1.5000570681138778,0.01458748389013892
-1.4997906581107672,0.024768277472362057
-1.4969112967829021,0.06182921605934949
-1.4910564948743776,0.003117203384974553
-1.4891273508681842,-0.016552900286944464
-1.4847215268024656,-0.006406784955455807
-1.473871468781322,-0.06441227190988598
-1.4717127962987384,-0.05151001409318953
-1.4643332948860988,-0.12068151454313439
-1.4633274994036423,-0.07474885279298595
-1.458529311963607,-0.16535425420668484
-1.4413137702153518,-0.2052313908278081
-1.4366679106307898,-0.23073011497266513
-1.4300414514096538,-0.24497871255140713
-1.4219211957289766,-0.29655350768978866
-1.414664844535093,-0.29506045708143197
-1.4144743150719157,-0.3474964851599171
-1.4101295495009527,-0.31097187799473863
-1.406886891457514,-0.384045898113243
-1.400849463599667,-0.38915146609852835
-1.4002282514455766,-0.35490392811301796
-1.3925532777313425,-0.4018908298272916
-1.3919046084219993,-0.4698494855699648
-1.3915765544196015,-0.425823820394232
-1.3664688509895264,-0.4541706354299231
-1.351756151715563,-0.566666993020618
-1.3296412559307944,-0.6715319267010437
-1.3289797201587479,-0.621709823777042
-1.325884266305027,-0.6649004592985395
-1.3153710980806186,-0.6814738919542672
-1.273204315594947,-0.8374267842490977
-1.2725548197387875,-0.8060861395086135
-1.262076144770366,-0.83881467560833
-1.2612686173173064,-0.8464427148086913
-1.2593407752714838,-0.8551602978535532
-1.2561246212447812,-0.8770248300235345
-1.2550131199461012,-0.8442710252438584
-1.2517469553348897,-0.8862259878068521
-1.24947390986303,-0.8934668673805322
-1.2491195233941557,-0.893864156380876
-1.2469443752572853,-0.896795094169066
-1.2450267748945336,-0.8903663867169519
-1.233508785755589,-0.8655320861780968
-1.2229532578726658,-0.9739465229577999
-1.2151321843841898,-0.8954492884699268
-1.2146520046954195,-0.9880678952113847
-1.2050249843760958,-0.9584209553803693
-1.1985690292468618,-0.951443665244845
-1.1927124353466783,-0.9781571788891354
-1.189224538938113,-0.9610360264802777
-1.1847203619179432,-0.9942204048820722
-1.1812032995701482,-0.9614150896909028
-1.1759068128020922,-1.0341340203690166
-1.1711559222102708,-0.9957153532653125
-1.1625853361304472,-0.946397539523406
-1.1582951233438428,-1.001121960391434
-1.1497713891606722,-1.0059226869083935
-1.1437582500637464,-0.9833540023107605
-1.143039024015539,-1.0234531728296
-1.1388678852616392,-1.0521507656574771
-1.137594558803753,-0.9963066921155573
-1.129075061936336,-1.003133322149975
-1.1275824486756305,-1.030091601352244
-1.126131045342119,-0.9643322060810109
-1.1247059595564624,-1.0021263472708306
-1.1214963754195413,-0.9874260672673945
-1.1111603751579187,-1.0025697050563604
-1.103347495627907,-0.9841623311198461
-1.0798935378465846,-0.9821102805211649
-1.0665597903107742,-0.9869166182565301
-1.064612671686197,-0.945762208663907
-1.0616108030367422,-0.9361634481392618
-1.0529080071654746,-0.9132795941171306
-1.051348238153216,-0.9445882562470519
-1.039913372334575,-0.9283335324956611
-1.0378333701891842,-0.9426424469983726
-1.035985120588818,-0.9181554686334683
-1.0314973397834406,-0.8494612792449392
-1.030903771354942,-0.8634315199774961
-1.0304902924440054,-0.965173222338423
-1.0217022821115351,-0.8247442450033438
-1.0214490468236679,-0.8824539696921502
-1.0087278417795014,-0.8196087784952828
-0.9948250659898128,-0.7788863655734356
-0.9927462098210089,-0.8096389952595728
-0.9817486685319041,-0.8054782409524194
-0.9782690533056764,-0.7585443002464664
-0.9750039041506904,-0.7651651268539822
-0.9683280625327022,-0.7346700363646287
-0.9562764371974368,-0.6774121963158545
-0.9538163330557681,-0.6965820637795714
-0.9460219086760846,-0.674513749654772
-0.9437557059738877,-0.7074343061432017
-0.9423801518595996,-0.6652430369404054
-0.9377994466782336,-0.639814427854037
-0.927731473122507,-0.5763608888851934
-0.9180540876550949,-0.5763918555811371
-0.9131238850136376,-0.6217477063307767
-0.9117208574424263,-0.5656774602180766
-0.9116009837811339,-0.5541983280883511
-0.8986635952096345,-0.45993843528446127
-0.8975191321587381,-0.5346778420928731
-0.8968535056651743,-0.4536562449615023
-0.8905647167932864,-0.5456802381029934
-0.879605016346698,-0.4614512860503961
-0.8785118155775042,-0.4501746339644189
-0.8737229100910087,-0.4293828810263672
-0.8637155746560126,-0.3742267971055173
-0.8556699066141991,-0.2960756270090533
-0.8512749257469183,-0.3250011843191135
-0.8298223675089136,-0.23861314594847716
-0.8250520016578569,-0.17547395650177341
-0.824619586239292,-0.18416854766746255
-0.8235656392672297,-0.21842470969706218
-0.8225852402840257,-0.19621660151798817
-0.8109408647194503,-0.17386168803068727
-0.8077860379599491,-0.17943926281797218
-0.8059479919769066,-0.11999846035107194
-0.8039486115187682,-0.12054503863002528
-0.7941053229710717,-0.018878245754283984
-0.791255884668665,-0.0290418233494755
-0.7907756689426284,-0.09672805402236635
-0.7891316009701197,-0.04029186236940747
-0.7884461269453302,0.007118317053299232
-0.7850169474317221,0.03326000890492361
-0.7759956149620031,-0.01697159307247326
-0.7745320282768793,0.02297774548609332
-0.7671896493695609,0.07814382684323405
-0.7619779765710661,0.06715953683784276
-0.7608177356324735,0.10763347567049775
-0.7570872408074547,0.1197605334987421
-0.7432001754875639,0.09964240838333269
-0.730628325648313,0.20534132598591956
-0.7099360117023799,0.28124708689161826
-0.6955872342437792,0.3975341850219371
-0.694973855195474,0.345771847375188
-0.6941917529072854,0.36164118648139887
-0.6931249233325802,0.3765955677458615
-0.6859300961745998,0.3700872439175336
-0.6781116831051461,0.4283041205370078
-0.6672223872555145,0.442561388476738
-0.6591222510179806,0.5063139590336772
-0.6563946581913016,0.5251396793107571
-0.6504583865501936,0.5656336175544374
-0.6495376588438626,0.5666438010666229
-0.6474854011325455,0.5317435987418939
-0.6452476108956935,0.5705895099170574
-0.6389402149934398,0.5611871234744735
-0.6371866300581961,0.5851113056255988
-0.6320621992767474,0.5766206191275449
-0.6135790942179482,0.6503378800357711
-0.6007335494443025,0.695824624184407
-0.582534878357035,0.7645908108949837
-0.5761422726454386,0.7524195405808293
-0.575384438872641,0.7724876473860155
-0.567122909956097,0.7411093206523184
-0.558555358524365,0.8523443415266452
-0.5402600864408562,0.8972020623062217
-0.5366575420318007,0.8602369308072673
-0.5216526585241414,0.9436414484358936
-0.5175049077442138,0.8950982930025178
-0.5152554871548309,0.9361415264151559
-0.5145810649712117,0.899837032757688
-0.5013267056082888,0.8912226207648398
-0.48849370014281135,0.9798565382316609
-0.46562808621473595,1.000388237877982
-0.46521772281501583,0.9987692374227377
-0.46396189262280885,0.9854615107738103
-0.46326475829288594,0.9720848087747441
-0.46248982872527034,0.9737033622217881
-0.4586337726041534,0.9860651846792385
-0.45701463515454055,1.0276893331177068
-0.449728449773132,1.0124869202667914
-0.4382846813818384,1.0044955108878815
-0.43193036044131006,1.0189986846623527
-0.42860187926757964,0.9837356999341469
-0.4170680559930231,1.0130041816474913
-0.4081574061759472,1.027447363805044
-0.4023134870334495,0.990515807273092
-0.4021508688537856,0.9846138115642391
-0.39800633559479426,1.0509989256603738
-0.39560894408406533,0.9789499515084028
-0.39321157468514834,0.9708753056262045
-0.38869796554096503,0.9804010524009553
-0.3874198115905787,0.9561527754034652
-0.38381256151563603,1.0043727643643148
-0.37812556465548575,0.9554285241785502
-0.3669157179210063,0.948613079802219
-0.36554782152544885,0.9438601286269096
-0.3645945218894058,0.9528952147296754
-0.36316816519611095,0.9372228079876157
-0.3606929084847721,0.9697252041499498
-0.34089288823041786,0.9426237816757749
-0.34033829170540564,0.9005697860558891
-0.33753862577246396,0.9155187910540027
-0.3312533607895576,0.939293919397568
-0.32466500119464037,0.926631708496705
-0.32351964701464553,0.9556407095432957
-0.3207450413960311,0.8787106735486928
-0.31710666472231885,0.9415183188918266
-0.311708823397828,0.9028012008938159
-0.3088610120570392,0.8903860428654262
-0.30552683747948883,0.902425357923549
-0.271726290644807,0.7859302295442554
-0.25913784030183873,0.7677319325700415
-0.24796041254990708,0.6941589615346259
-0.24672374289352916,0.7302721854453031
-0.22581648951166322,0.6539123328569746
-0.21588979405040476,0.589621346902032
-0.2142223227088147,0.587096909121389
-0.2030590922115456,0.5285852296132815
-0.20173837768811964,0.5741503692957143
-0.19198140267466002,0.5318764859348057
-0.1835738953421462,0.4604940413347745
-0.1754898143702599,0.4527064788321703
-0.17487509732418793,0.45102931458319406
-0.1719843120515674,0.5034484842440422
-0.17147111685860672,0.4641340788833796
-0.15290893547752837,0.4388831746948698
-0.15070219998624435,0.32670625224243527
-0.13596899918884287,0.2769234970135065
-0.1350191116142314,0.3145476821851859
-0.12803117769916827,0.2941618913718452
-0.11513921729135745,0.19722403115319243
-0.11108520065789129,0.18186316658915194
-0.08541721039760564,0.1389883330960935
-0.08403213412088695,0.06463310431796356
-0.08080680739846446,0.060125386175826044
-0.07601404644709842,0.028121594905716883
-0.07330744627337316,-0.0067070497679582175
-0.05921131171007543,-0.032536653930369946
-0.05635465308800125,-0.037813886482840384
-0.05473108414311412,-0.0577436242453448
-0.050568424588679495,-0.017617206752785643
-0.04486111900282985,-0.13936365615850074
-0.04369454377544235,-0.08496766275752927
-0.03943939599715396,-0.09423735059531202
-0.036740343711188395,-0.06589085571197739
-0.014670155816235209,-0.21178120452414156
-0.01224813210633613,-0.24981673286467984
-0.010369343044801749,-0.2515219226374631
-0.005919296734574253,-0.2271382935228144
0.007919405527483825,-0.30619036510471725
0.008673926465577075,-0.3103582571710789
0.011649510983676059,-0.3823177477813832
0.01432986703084893,-0.3707483590801437
0.036518361437042124,-0.4812006116350361
0.03725076794605808,-0.4605769248714734
0.04077177960893419,-0.43025991321721263
0.04185085778586384,-0.41396366204459645
0.05176663025279993,-0.4603516504379422
0.05180648854424286,-0.47732892700848256
0.05216195526225276,-0.5002682683459468
0.053166177318792585,-0.4898625336509024
0.054009261814189635,-0.4709486665062069
0.05843394302077787,-0.5731392167945405
0.07638585671280751,-0.6074077794438656
0.07680767851994608,-0.5805586832978873
0.07810905327256279,-0.5358927110330609
0.08851744604732215,-0.6815356375281425
0.08980409101395548,-0.6371826777325855
0.09761356059118231,-0.676546465835259
0.09847456268154442,-0.634909213366733
0.10335027063488322,-0.6686293032810815
0.10665306046843082,-0.6982137222859474
0.11086824377549842,-0.707367461405656
0.12930232162764543,-0.7552554811470141
0.1336685420827104,-0.7056467227919345
0.13992873868677425,-0.8244240318662512
0.14059816715424311,-0.7773729592677527
0.14097735634214636,-0.7817276981940362
0.1448286508573382,-0.7798825930682962
0.14489461964285288,-0.8111163100779846
0.1498695538044439,-0.8296494072125392
0.15585134342211937,-0.7852724967240535
0.15808122310749617,-0.8068445216095259
0.16962109009334636,-0.7990402585425603
0.17505521010374014,-0.8982820095272565
0.1833170756225435,-0.8617549345147508
0.19780261350570782,-0.8852325713670914
0.2112876079889423,-0.9473073081472254
0.21694952545064883,-0.9180297981830152
0.21839474151355365,-0.9750881263946243
0.22006863741745342,-0.9590532375404229
0.22092305862521222,-0.9796664274791483
0.23071455344789982,-0.9340139517173904
0.23300177734938066,-0.9899149287619031
0.2348358935041177,-0.9282575386687615
0.24057877656940319,-0.9821556777585231
0.24076665697831334,-0.9692163438539468
0.2521864542433292,-1.0052347975612685
0.25596802919679496,-0.9890732145070238
0.2571185094716615,-1.0060656004933923
0.2633438716378316,-0.9875351528156531
0.26368322427932833,-0.9958860333576998
0.2670205880931422,-0.9894527622044371
0.26832318534870225,-1.0222134892537116
0.27580565724167627,-0.996774593541868
0.29179874293961383,-1.003690721024184
0.30823264669912476,-0.9930781870849197
0.3145346829176212,-0.9739614473026378
0.33180444134269216,-0.9912359724276061
0.3326110743392503,-0.9867824639262457
0.346438298859292,-0.9973463875792229
0.36391984651028064,-0.9510557172309961
0.40147275352261946,-0.8788333812809845
0.40867580135187875,-0.8330846015000395
0.4111696770002311,-0.8815473199554251
0.4123633704343299,-0.8446371495803752
0.4206723613724104,-0.8383552960880304
0.4243043400841451,-0.7701648830651433
0.4260411531473056,-0.8394487885142343
0.42894312216631825,-0.8119375743405726
0.4417286399000302,-0.8081373369638921
0.46031382034970925,-0.7102477341463987
0.46283079134078253,-0.6699550329911079
0.46860058049727105,-0.6933875932696948
0.46915024097261515,-0.7714988275547635
0.47434530233111616,-0.6548037006745053
0.4744013059070573,-0.6484503841837181
0.4772593021574827,-0.7041297765608756
0.4899749612405455,-0.6582642771390809
0.49580512954506206,-0.5365821266613466
0.4971671637157149,-0.6012599092322242
0.5150821988269021,-0.5490780298871106
0.5156829773082809,-0.5026773878645954
0.5212341022546676,-0.5841267062894407
0.5327450962484059,-0.47551826865653646
0.5394129146591187,-0.3873256575953983
0.54508649038263,-0.40356975552805585
0.5540004952435251,-0.41303004339108074
0.5546433673577824,-0.3829590722294015
0.5606134694865652,-0.3831126390609055
0.5656238041402992,-0.29607596961213484
0.5676321188754505,-0.32510538722543264
0.5751829025947024,-0.3579845272068583
0.577247591607553,-0.29355186839180847
0.5796198129397574,-0.27153484397899513
0.5822768862864285,-0.32975547791480453
0.5864336530790788,-0.26951303719990694
0.5894280394495262,-0.2185050833799567
0.5910152509642552,-0.25770877930178077
0.5994645729282184,-0.2195857675630867
0.6080387727005325,-0.16247017640243355
0.6096153860872953,-0.17589519372263848
0.6458719129423569,0.0071038531108650604
0.6471033574565164,0.0419207681549648
0.6589244054467125,0.054767209232650174
0.6665891185019515,0.049837311098090774
0.6743565763582193,0.1415918895137758
0.683633066036323,0.15607633951623628
0.6889642099981366,0.1856240095023038
0.6952319613821536,0.2491910292989435
0.7091290469563756,0.25522800369283516
0.7161619056826662,0.2875082713285341
0.7238754255098034,0.3839389868156009
0.7298337666358581,0.3404424620266878
0.7366440129259986,0.4192414613107591
0.7369512600510153,0.396867868262165
0.7400457581636903,0.40969660601830477
0.7516458195969271,0.4874044953964374
0.7579072252874268,0.4938316148516009
0.7787954695883634,0.5651921753040476
0.7832371989914875,0.5899464700391304
0.8052596869472763,0.6905239668231806
0.8065256409085046,0.6652756024837859
0.8091342615208728,0.6641307860250677
0.8109961981181533,0.6696289223714675
0.8170470752928432,0.6440358922582419
0.8197233322123512,0.6713467062869954
0.8226887175412241,0.6617231000166761
0.8239624348190278,0.7202756357847363
0.8330123876984499,0.7363716609117812
0.8331345689003844,0.749609331704152
0.842489336408029,0.7846233157248096
0.8483735468029971,0.7569103005388174
0.8570561182307408,0.7651688545899995
0.8638737197875201,0.7625463950727046
0.8662387030155876,0.8225424334565016
0.8696113706945154,0.8419552042717435
0.8723234768655903,0.8380745571981204
0.8802105470919215,0.8610320847379573
0.8828111638109553,0.8429612239042923
0.8831719823677853,0.8814609729087168
0.9134981725417797,0.922484299569596
0.9204429417671651,0.8897023447014877
0.9386758065977494,0.8918421336367692
0.938948415790251,0.9698729247978021
0.954643650214015,0.9812501438226563
0.9637711336350305,1.0213779897729913
0.9703159071721545,1.0019499993846017
0.972996623078906,0.9845892293563121
0.9748368585443732,0.9865139160192524
0.9781094752406223,0.9150960721484527
0.9925858862757986,0.9765831101234898
1.0007295420295321,1.002268428878165
1.0021660534237862,0.9897457150918607
1.0048087881523555,1.009025260246484
1.0095986536742414,1.031166385980894
1.0191367201908426,0.9971133200040729
1.0215981861675196,1.0294322484865917
1.0216284116039347,1.0271513335030016
1.0223238274404673,0.9667732279291796
1.0224706713212832,0.9748912233501646
1.0329795093660268,1.0311030892332493
1.0465935182296748,0.9874320391769464
1.0488616868113052,0.9606429499606389
1.0565595919376607,0.9475404389387637
1.0647890979054493,0.9315419579645206
1.0713334011037157,0.9533811856745019
1.0760684333113302,0.877374999156339
1.092546147477342,0.8582210048714085
1.0953829006186035,0.9524924723070362
1.1033185439747895,0.8218603053556516
1.10356763766125,0.9382187577459388
1.1074781268891671,0.8575505684226546
1.10823545465884,0.9515855636175313
1.1113186010118286,0.8872514232282384
1.116189521976242,0.856488563792139
1.123435255344237,0.8654301017402044
1.127677974838158,0.8507641810146036
1.1427367260720995,0.79828035159742
1.1510177662577359,0.789307045686454
1.1676236086217244,0.7423903614110389
1.1730385209601426,0.7243977117155529
1.1794225871427013,0.6626279936425896
1.1816433234417403,0.7412051077780676
1.1857619750201414,0.7075083702032957
1.1871583338188731,0.6261123613972546
1.1931215465370713,0.6708048931576491
1.1940296244899988,0.7143613300647448
1.204998728288598,0.6061318062715806
1.2050742787796063,0.6003262494783922
1.210424178066531,0.6332089083823226
1.2329728080938445,0.5170380697453021
1.233292350721948,0.5137573710353528
1.240498849683572,0.5151894758063403
1.243438479835195,0.5103113578276112
1.2472758339609564,0.4446089354743759
1.2523418340152483,0.45164784916633904
1.252862958841745,0.4358984555273366
1.2671815271818758,0.4038274011182415
1.2803411379456477,0.32691978037667535
1.2839366570465778,0.32706579794119184
1.284162562205255,0.3033704906248419
1.2841708605286097,0.3173523538552481
1.2847022521297058,0.3387384896589323
1.3042511176693576,0.2262779388278271
1.3046229196361114,0.2857005375617645
1.308607172809828,0.20482366122304235
1.309247274700752,0.17758063381281097
1.3097451906913493,0.22314352514749158
1.3113458051928557,0.2021392605247706
1.3119850378421116,0.1869565052460992
1.3321935927206852,0.09195944010181656
1.3387238693585939,0.11295539907043235
1.3607428003454425,-0.03569133446314594
1.3620127227977017,0.03119525674242964
1.3905211136363356,-0.09895406646028478
1.3914711387950414,-0.1781568365679379
1.3970468096459197,-0.13816098193946996
1.406712096492198,-0.1745825363130323
1.4162593502492093,-0.25192077699356036
1.4167999662232402,-0.22860287698084325
1.4266938345126396,-0.28014985797898345
1.433606575195121,-0.35154386095928036
1.4375891408918626,-0.37103829615415407
1.4375904871129563,-0.3062819482610881
1.4455522778454588,-0.32831051805402667
1.4465103141903937,-0.39344840175861795
1.447102003783054,-0.3524712061285706
1.4489881151935489,-0.421735020362891
1.4504048000457717,-0.37211889116763974
1.4583018996094275,-0.47228795670035306
1.467871397801427,-0.4867523885959532
1.4682563408834612,-0.5046113933300761
1.4714219025163713,-0.49982387211630913
1.4892347292351058,-0.5318157033609894
1.4921235698228985,-0.6139092815131248
1.4938977487863836,-0.6087838405624738
1.4949922310857788,-0.5463298886143534
1.4952586290308458,-0.5331974316317522
1.496085390756221,-0.5286099436303332
1.496697568802582,-0.6337768678049279
1.5043768387803702,-0.5795997879521155
1.505117014402284,-0.6275384013377368
1.5060609793962305,-0.6100553674736703
1.5150526167179494,-0.6133088752750957
1.5292152377241903,-0.6926223999721901
1.5325713394413842,-0.7087301583169826
1.5400081374324897,-0.6904631533744262
1.5402778369177295,-0.7325380900154959
1.5469863926841185,-0.7269668720269251
1.5501528448489852,-0.7717365598850137
1.553064219753149,-0.8003314331954062
1.5585065459527092,-0.7807783677545956
1.5635447365757598,-0.7851820409759601
1.5644296513792852,-0.7950176147323653
1.5660613961707863,-0.7301742875463663
1.5670825917079956,-0.8249630770454546
1.570408716623004,-0.7818719641327829
1.5756445488254744,-0.8343453012491887
1.5768126594777518,-0.8694111891143073
1.5785640764285702,-0.7817070648387571
1.5787893014308647,-0.8490683693100867
1.5792882978396614,-0.8198113522474835
1.5819375151499404,-0.8221159015004362
1.5825285922842722,-0.8265421644716514
1.5837488244135605,-0.8128310901304046
1.58764799460368,-0.8336987597301888
1.5878961746266391,-0.8700520966114941
1.5951129030801692,-0.8734305315710845
1.6035978855719684,-0.8565871105553282
1.6092025157985912,-0.865771249634343
1.6095549678927163,-0.8247551659039375
1.615405620928441,-0.8634089415442938
1.6164950829888554,-0.8981716142632077
1.6165392435845751,-0.9398899518458442
1.6183325245227813,-0.8949528403943774
1.6192628718406707,-0.8990876423641727
1.6317740346870888,-0.9966947245955233
1.6426660225677594,-1.0161955464483308
1.6493424295322425,-0.9649364793697283
1.6547618058372162,-0.9562199194575072
1.672183624783071,-0.9519604333698247
1.6788557562839008,-1.0403017132859935
1.6835723083819438,-1.0241940458291166
1.6859024317213782,-1.0172275780219804
1.6991703503958693,-0.9793299650153875
1.699212505099271,-0.999579786323745
1.7154023774624756,-1.0401578718115962
1.7198311006891016,-1.035514863422399
1.729679957966832,-1.0244698723391856
1.7311406961570457,-0.9687100556509133
1.7338904010602523,-0.95613295114275
1.7403398358102375,-0.9835600826595855
1.7465071841135238,-0.9837057798037407
1.7529557717885087,-0.9507739564321984
1.7541079268732478,-0.9719295527224243
1.75525071145875,-1.0241641294167352
1.7759489367880112,-0.9795682297346413
1.780327586517659,-0.9630928450287248
1.7899051887293425,-0.939991191213358
1.7940394246388163,-0.9597920950220827
1.7995730539460144,-0.9331673474808935
1.8027988513905502,-0.9139083946928305
1.807272055691893,-0.9222319106533997
1.8136177596157266,-0.9220510655543933
1.8286996090067174,-0.8702001414201159
1.8288720672868948,-0.8660841431173923
1.8296361850036478,-0.8522952015299847
1.8309347603589758,-0.9148558729417191
1.8367443188512826,-0.842709531762349
1.837093865474781,-0.8522917424594934
1.8386859491523904,-0.9090648837698723
1.8401721502650634,-0.8560678552253208
1.846784619400239,-0.8337854023164523
1.852385038945351,-0.7699757726303376
1.869716110391888,-0.769300470316487
1.873751207323199,-0.7507524696016089
1.8815766220709973,-0.6913004168552062
1.8820324359779113,-0.7534434695626013
1.8840331015238574,-0.721260440257453
1.8942226010710597,-0.7165307485630766
1.9025406174865518,-0.6624424425663
1.9216288620251625,-0.571886887826369
1.934254789703516,-0.5186180745551318
1.9471614381014257,-0.5132864389852005
1.9538540913777886,-0.4860730633542302
1.9676630574172576,-0.44369716564245415
1.9697838132094088,-0.4042141508989928
1.9899670885564404,-0.3133574523665585
1.9907631837470392,-0.33204506896594516
1.9911351627393055,-0.3265222461897913
2.0009633555707005,-0.29839867013015264
2.0096363825577646,-0.2879468479642513
2.0273942733476957,-0.16683024541626956
2.034161732295,-0.16154632047552425
2.0498737955746087,-0.04904622208594952
2.0565558163808877,-0.045529324729223886
2.059427014632492,-0.059701175739373266
2.0680756294927827,0.002865470106706112
2.087450782912919,0.020948995718823436
2.0894008395893264,0.07046908691603235
2.104361295261448,0.16416221486583735
2.1108626581612056,0.19242505031198692
2.1111423255546633,0.19220025991431672
2.1246414034024745,0.24182147013322908
2.1252446459133036,0.23983243634563328
2.1278698408589776,0.25252878914090865
2.1283258830237335,0.26332943825941646
2.13225866399962,0.27567103724193165
2.139439609083839,0.30782334711604037
2.158326037855522,0.3622067079789833
2.1698270973677474,0.471122972127603
2.1849642092101647,0.4805244645299455
2.194136285185264,0.5568980170343742
2.1961022873924927,0.5284531343241886
2.196234425244996,0.546645099828192
2.2027389598195093,0.5236485628971352
2.2092267082394255,0.5868552243472261
2.2103049335173974,0.5778778758543909
2.230096438777929,0.6762041390318386
2.2366488919858476,0.6873419618858068
2.237654291913884,0.6917279646521338
2.240569062747273,0.6759006691280651
2.2512189100885074,0.7168622079157063
2.275450803337179,0.7922951942140234
2.2801016183959177,0.8125158896148049
2.2933437465273903,0.8707634068582262
2.3005017752089225,0.8420677974162597
2.3012418753932558,0.7756612920516867
2.3052892184603238,0.8084317225789834
2.30855147665761,0.9168868385396657
2.309110514746674,0.8806084146698947
2.310972175725799,0.868176893772066
2.3337073356608373,0.9222934019629893
2.3342070510156248,0.9000686477530636
2.3367213638920514,0.908595036152946
2.3375437049087484,0.9197351347178341
2.3420640258235776,0.9250456214871834
2.343121161816226,0.9890686354341853
2.350857143534534,0.9812067220876913
2.3600204660122,0.9593432876632488
2.362077920479914,0.9675206106468134
2.3716662635308126,1.0228543804141543
2.3862962913404715,0.9693897620724475
2.387353041785312,0.9488576940514358
2.3907152859894225,1.0261931864227347
2.3969099641039975,1.007341422668547
2.4041720796043506,0.9920230098581145
2.418523300957599,1.0035869358678349
2.4214055477101146,0.993615049040327
2.442744309084306,0.9840862892129527
2.467108179056514,1.0161304090925463
2.4690217497092117,0.9713758695707904
2.4707699106077534,0.9721451149620078
2.4791446423511783,0.9581281027583736
2.4918525011109462,0.9748888360739145
2.4970748840538155,0.9358199210916263
2.5002723760776986,0.9764980780230954
2.5034331763001534,0.9631561215310313
2.5076762674160786,0.9725100709283172
2.513486015031619,0.9650813920231346
2.5142252142715975,0.8934318692192683
2.516457308119511,0.9087101616437261
2.5236727771774596,0.9151515813002531
2.5455037646672105,0.877978759249217
2.5464116643397015,0.8771474380028553
2.5486986599132964,0.9078873548484276
2.564778770744363,0.8046443852806229
2.5671822173245396,0.8819733654575077
2.568016386299999,0.8199551770745686
2.5689969023618646,0.8079807890949294
2.5716291614077837,0.8301410873659981
2.5951742175339154,0.7536031018004394
2.610274216160758,0.6829128346918932
2.612684900017001,0.7254568801118835
2.620055453330787,0.6810731785045504
2.6323083004827197,0.591661572422969
2.6375714291380756,0.6185621675005132
2.6391344375866437,0.5972773179354584
2.6555660568442168,0.5432202331539987
2.6574873127538696,0.5337222419801001
2.6618806523785237,0.5227291630754333
2.669313835313491,0.45538890473701865
2.669462224807825,0.46985412254750797
2.6742764283343234,0.44843802120712706
2.675508939360471,0.4418770634656356
2.680937843323565,0.39437813773841973
2.688817591149858,0.41067889939715424
2.6900215911775893,0.3794928038258149
2.696148057671704,0.35778236073635084
2.696448974887222,0.3364775013291667
2.697897403265081,0.36417568323642563
2.707652622063679,0.2753699581469883
2.7091693489483646,0.3594850657851602
2.7144813676224633,0.25671550268399146
2.721058087246413,0.24429237801706113
2.7221885005434867,0.19879830715688354
2.723941089132019,0.2495946372801615
2.7338957607026177,0.1986981254704174
2.7370511316674175,0.16948660230941393
2.7426066710837835,0.15844059314923623
2.755857741697854,0.16923987832105164
2.7576842015595275,0.07403841636724029
2.762080335040496,0.034497693934916474
2.7625329402714094,0.06681292782687309
2.764390638347251,0.04753499005202333
2.7668618366222555,0.02502270392183216
2.769180547071233,0.03525667859457782
2.7730578607497938,0.07806548821482288
2.777151245887884,0.03518925192748033
2.784069827045025,-0.00967446510353168
2.7875833686315508,-0.0783483544692885
2.79217639257252,-0.04957831794162228
2.7925273757670315,-0.10458579508360252
2.8053418836830364,-0.11899158858735043
2.815109607740437,-0.14789415754635635
2.821466585801021,-0.21208614366796827
2.8226466186251757,-0.17568795393802625
2.8227116143007773,-0.18956192924630436
2.8239927284270108,-0.2077003942374005
2.852951910352073,-0.3491014755304668
2.867707082872485,-0.3357471962284585
2.8757275062136465,-0.39635434501548084
2.879541372934229,-0.41393735678461807
2.880930407170455,-0.4185739890511905
2.8815184963079927,-0.4625204035659136
2.8873791552116934,-0.436894003399083
2.8901163765911413,-0.42911889752989274
2.895269655703081,-0.5145442800187899
2.899466584611825,-0.5381030965264959
2.8999968186350564,-0.479332180081266
2.9001477087313354,-0.508859018492446
2.9023149163385478,-0.5132101414183289
2.9041856928849104,-0.5060479881358797
2.916809499237848,-0.5733360476786316
2.917657530487192,-0.5914570708961162
2.922724503949256,-0.6022744530865675
2.9260631549587446,-0.569747363700306
2.9315676326906477,-0.6364753165648007
2.931915185098859,-0.6130140093684776
2.9346163598514003,-0.617599698326261
2.938788751672438,-0.6377006123098329
2.938882496933653,-0.6197891803881632
2.945313300871076,-0.6192020664751773
2.9500675506446017,-0.6923804505673307
2.9522151005096715,-0.7168374230496269
2.9690730893186172,-0.7386668856575198
2.9711435695903257,-0.7261030522009504
2.9870332331509006,-0.785410596787347
2.9969255463505817,-0.8274147849628808
2.9996823883393917,-0.7911066079919608
